// Monsters Additional Database
//
// Structure of Database :
// ID,Sprite_Name,kROName,iROName,LV,HP,SP,EXP,JEXP,Range1,ATK1,ATK2,DEF,MDEF,STR,AGI,VIT,INT,DEX,LUK,Range2,Range3,Scale,Race,Element,Mode,Speed,aDelay,aMotion,dMotion,MEXP,ExpPer,MVP1id,MVP1per,MVP2id,MVP2per,MVP3id,MVP3per,Drop1id,Drop1per,Drop2id,Drop2per,Drop3id,Drop3per,Drop4id,Drop4per,Drop5id,Drop5per,Drop6id,Drop6per,Drop7id,Drop7per,Drop8id,Drop8per,Drop9id,Drop9per,DropCardid,DropCardper

// Emperium
3331,EMPELIUM,Emperium,Emperium,90,20000000,0,0,0,1,60,71,40,50,1,17,80,50,26,20,10,12,0,8,26,0x120,300,1288,288,384,0,0,0,0,0,0,0,0,0,0,0,0,0,0,0,0,0,0,0,0,0,0,0,0,0,0,0,0
3332,EMPELIUM,Emperium,Emperium,90,20000000,0,0,0,1,60,71,40,50,1,17,80,50,26,20,10,12,0,8,26,0x120,300,1288,288,384,0,0,0,0,0,0,0,0,0,0,0,0,0,0,0,0,0,0,0,0,0,0,0,0,0,0,0,0

// Bard & Dance - Ai
2605,aclown,aclown,aclown,99,1000000000,16777215,0,0,1,0,0,100,99,0,0,0,140,140,0,7,12,0,3,60,96,2000,1,1,1,0,0,0,0,0,0,0,0,0,0,0,0,0,0,0,0,0,0,0,0,0,0,0,0,0,0,0,0
2606,agyp,agyp,agyp,99,1000000000,16777215,0,0,1,0,0,100,99,0,0,0,140,140,0,7,12,0,3,60,96,2000,1,1,1,0,0,0,0,0,0,0,0,0,0,0,0,0,0,0,0,0,0,0,0,0,0,0,0,0,0,0,0

//  Monster Lv 99
3330,LV99,LV99,LV99,1,50,0,99999999999999999,99999999999999999999999,1,10,10,0,5,1,1,1,1,1,1,10,12,1,7,20,0x81,400,1872,672,480,99999999999999999999999,0,0,0,0,0,0,0,0,0,0,0,0,0,0,0,0,0,0,0,0,0,0,0,0,0,0,0

//Mob Random Ball 1-20
2657,Random_Ball,Random_Ball,Random_Ball,1,10,0,0,0,1,10,10,0,5,1,1,1,1,1,1,10,12,1,7,20,0x83,400,1872,672,480,0,0,0,0,0,0,0,0,0,0,0,0,0,0,0,0,7361,10000,0,0,0,0,0,0,0,0,0,0
2658,Random_Ball,Random_Ball,Random_Ball,1,10,0,0,0,1,10,10,0,5,1,1,1,1,1,1,10,12,1,7,20,0x83,400,1872,672,480,0,0,0,0,0,0,0,0,0,0,0,0,0,0,0,0,7362,10000,0,0,0,0,0,0,0,0,0,0
2659,Random_Ball,Random_Ball,Random_Ball,1,10,0,0,0,1,10,10,0,5,1,1,1,1,1,1,10,12,1,7,20,0x83,400,1872,672,480,0,0,0,0,0,0,0,0,0,0,0,0,0,0,0,0,7363,10000,0,0,0,0,0,0,0,0,0,0
2660,Random_Ball,Random_Ball,Random_Ball,1,10,0,0,0,1,10,10,0,5,1,1,1,1,1,1,10,12,1,7,20,0x83,400,1872,672,480,0,0,0,0,0,0,0,0,0,0,0,0,0,0,0,0,7364,10000,0,0,0,0,0,0,0,0,0,0
2661,Random_Ball,Random_Ball,Random_Ball,1,10,0,0,0,1,10,10,0,5,1,1,1,1,1,1,10,12,1,7,20,0x83,400,1872,672,480,0,0,0,0,0,0,0,0,0,0,0,0,0,0,0,0,7365,10000,0,0,0,0,0,0,0,0,0,0
2662,Random_Ball,Random_Ball,Random_Ball,1,10,0,0,0,1,10,10,0,5,1,1,1,1,1,1,10,12,1,7,20,0x83,400,1872,672,480,0,0,0,0,0,0,0,0,0,0,0,0,0,0,0,0,7366,10000,0,0,0,0,0,0,0,0,0,0
2663,Random_Ball,Random_Ball,Random_Ball,1,10,0,0,0,1,10,10,0,5,1,1,1,1,1,1,10,12,1,7,20,0x83,400,1872,672,480,0,0,0,0,0,0,0,0,0,0,0,0,0,0,0,0,7367,10000,0,0,0,0,0,0,0,0,0,0
2664,Random_Ball,Random_Ball,Random_Ball,1,10,0,0,0,1,10,10,0,5,1,1,1,1,1,1,10,12,1,7,20,0x83,400,1872,672,480,0,0,0,0,0,0,0,0,0,0,0,0,0,0,0,0,7368,10000,0,0,0,0,0,0,0,0,0,0
2665,Random_Ball,Random_Ball,Random_Ball,1,10,0,0,0,1,10,10,0,5,1,1,1,1,1,1,10,12,1,7,20,0x83,400,1872,672,480,0,0,0,0,0,0,0,0,0,0,0,0,0,0,0,0,7369,10000,0,0,0,0,0,0,0,0,0,0
2666,Random_Ball,Random_Ball,Random_Ball,1,10,0,0,0,1,10,10,0,5,1,1,1,1,1,1,10,12,1,7,20,0x83,400,1872,672,480,0,0,0,0,0,0,0,0,0,0,0,0,0,0,0,0,7370,10000,0,0,0,0,0,0,0,0,0,0
2667,Random_Ball,Random_Ball,Random_Ball,1,10,0,0,0,1,10,10,0,5,1,1,1,1,1,1,10,12,1,7,20,0x83,400,1872,672,480,0,0,0,0,0,0,0,0,0,0,0,0,0,0,0,0,7371,10000,0,0,0,0,0,0,0,0,0,0
2668,Random_Ball,Random_Ball,Random_Ball,1,10,0,0,0,1,10,10,0,5,1,1,1,1,1,1,10,12,1,7,20,0x83,400,1872,672,480,0,0,0,0,0,0,0,0,0,0,0,0,0,0,0,0,7372,10000,0,0,0,0,0,0,0,0,0,0
2669,Random_Ball,Random_Ball,Random_Ball,1,10,0,0,0,1,10,10,0,5,1,1,1,1,1,1,10,12,1,7,20,0x83,400,1872,672,480,0,0,0,0,0,0,0,0,0,0,0,0,0,0,0,0,7373,10000,0,0,0,0,0,0,0,0,0,0
2670,Random_Ball,Random_Ball,Random_Ball,1,10,0,0,0,1,10,10,0,5,1,1,1,1,1,1,10,12,1,7,20,0x83,400,1872,672,480,0,0,0,0,0,0,0,0,0,0,0,0,0,0,0,0,7374,10000,0,0,0,0,0,0,0,0,0,0
2671,Random_Ball,Random_Ball,Random_Ball,1,10,0,0,0,1,10,10,0,5,1,1,1,1,1,1,10,12,1,7,20,0x83,400,1872,672,480,0,0,0,0,0,0,0,0,0,0,0,0,0,0,0,0,7375,10000,0,0,0,0,0,0,0,0,0,0
2672,Random_Ball,Random_Ball,Random_Ball,1,10,0,0,0,1,10,10,0,5,1,1,1,1,1,1,10,12,1,7,20,0x83,400,1872,672,480,0,0,0,0,0,0,0,0,0,0,0,0,0,0,0,0,7376,10000,0,0,0,0,0,0,0,0,0,0
2673,Random_Ball,Random_Ball,Random_Ball,1,10,0,0,0,1,10,10,0,5,1,1,1,1,1,1,10,12,1,7,20,0x83,400,1872,672,480,0,0,0,0,0,0,0,0,0,0,0,0,0,0,0,0,7377,10000,0,0,0,0,0,0,0,0,0,0
2674,Random_Ball,Random_Ball,Random_Ball,1,10,0,0,0,1,10,10,0,5,1,1,1,1,1,1,10,12,1,7,20,0x83,400,1872,672,480,0,0,0,0,0,0,0,0,0,0,0,0,0,0,0,0,7378,10000,0,0,0,0,0,0,0,0,0,0
2675,Random_Ball,Random_Ball,Random_Ball,1,10,0,0,0,1,10,10,0,5,1,1,1,1,1,1,10,12,1,7,20,0x83,400,1872,672,480,0,0,0,0,0,0,0,0,0,0,0,0,0,0,0,0,7379,10000,0,0,0,0,0,0,0,0,0,0
2676,Random_Ball,Random_Ball,Random_Ball,1,10,0,0,0,1,10,10,0,5,1,1,1,1,1,1,10,12,1,7,20,0x83,400,1872,672,480,0,0,0,0,0,0,0,0,0,0,0,0,0,0,0,0,7380,10000,0,0,0,0,0,0,0,0,0,0


//#############################
// 	New Mob Recolor !
//#############################
3000,adamantium,adamantium,adamantium,1,50,0,100,100,1,10,10,0,5,1,1,1,1,1,1,10,12,1,7,20,0x83,400,1872,672,480,0,0,0,0,0,0,0,0,0,0,0,0,0,0,0,0,0,0,0,0,0,0,0,0,0,0,0,0
3001,adamantoise,adamantoise,adamantoise,1,50,0,100,100,1,10,10,0,5,1,1,1,1,1,1,10,12,1,7,20,0x83,400,1872,672,480,0,0,0,0,0,0,0,0,0,0,0,0,0,0,0,0,0,0,0,0,0,0,0,0,0,0,0,0
3002,algea,algea,algea,1,50,0,100,100,1,10,10,0,5,1,1,1,1,1,1,10,12,1,7,20,0x83,400,1872,672,480,0,0,0,0,0,0,0,0,0,0,0,0,0,0,0,0,0,0,0,0,0,0,0,0,0,0,0,0
3003,anumummy,anumummy,anumummy,1,50,0,100,100,1,10,10,0,5,1,1,1,1,1,1,10,12,1,7,20,0x83,400,1872,672,480,0,0,0,0,0,0,0,0,0,0,0,0,0,0,0,0,0,0,0,0,0,0,0,0,0,0,0,0
3004,anunaki,anunaki,anunaki,1,50,0,100,100,1,10,10,0,5,1,1,1,1,1,1,10,12,1,7,20,0x83,400,1872,672,480,0,0,0,0,0,0,0,0,0,0,0,0,0,0,0,0,0,0,0,0,0,0,0,0,0,0,0,0
3005,anuwarrior,anuwarrior,anuwarrior,1,50,0,100,100,1,10,10,0,5,1,1,1,1,1,1,10,12,1,7,20,0x83,400,1872,672,480,0,0,0,0,0,0,0,0,0,0,0,0,0,0,0,0,0,0,0,0,0,0,0,0,0,0,0,0
3006,arcanis,arcanis,arcanis,1,50,0,100,100,1,10,10,0,5,1,1,1,1,1,1,10,12,1,7,20,0x83,400,1872,672,480,0,0,0,0,0,0,0,0,0,0,0,0,0,0,0,0,0,0,0,0,0,0,0,0,0,0,0,0
3007,atum,atum,atum,1,50,0,100,100,1,10,10,0,5,1,1,1,1,1,1,10,12,1,7,20,0x83,400,1872,672,480,0,0,0,0,0,0,0,0,0,0,0,0,0,0,0,0,0,0,0,0,0,0,0,0,0,0,0,0
3008,bali,bali,bali,1,50,0,100,100,1,10,10,0,5,1,1,1,1,1,1,10,12,1,7,20,0x83,400,1872,672,480,0,0,0,0,0,0,0,0,0,0,0,0,0,0,0,0,0,0,0,0,0,0,0,0,0,0,0,0
3009,bforestwarg,bforestwarg,bforestwarg,1,50,0,100,100,1,10,10,0,5,1,1,1,1,1,1,10,12,1,7,20,0x83,400,1872,672,480,0,0,0,0,0,0,0,0,0,0,0,0,0,0,0,0,0,0,0,0,0,0,0,0,0,0,0,0
3010,birdofparadise,birdofparadise,birdofparadise,1,50,0,100,100,1,10,10,0,5,1,1,1,1,1,1,10,12,1,7,20,0x83,400,1872,672,480,0,0,0,0,0,0,0,0,0,0,0,0,0,0,0,0,0,0,0,0,0,0,0,0,0,0,0,0
3011,bloodyhand,bloodyhand,bloodyhand,1,50,0,100,100,1,10,10,0,5,1,1,1,1,1,1,10,12,1,7,20,0x83,400,1872,672,480,0,0,0,0,0,0,0,0,0,0,0,0,0,0,0,0,0,0,0,0,0,0,0,0,0,0,0,0
3012,blossom,blossom,blossom,1,50,0,100,100,1,10,10,0,5,1,1,1,1,1,1,10,12,1,7,20,0x83,400,1872,672,480,0,0,0,0,0,0,0,0,0,0,0,0,0,0,0,0,0,0,0,0,0,0,0,0,0,0,0,0
3013,bluelif,bluelif,bluelif,1,50,0,100,100,1,10,10,0,5,1,1,1,1,1,1,10,12,1,7,20,0x83,400,1872,672,480,0,0,0,0,0,0,0,0,0,0,0,0,0,0,0,0,0,0,0,0,0,0,0,0,0,0,0,0
3014,bradium,bradium,bradium,1,50,0,100,100,1,10,10,0,5,1,1,1,1,1,1,10,12,1,7,20,0x83,400,1872,672,480,0,0,0,0,0,0,0,0,0,0,0,0,0,0,0,0,0,0,0,0,0,0,0,0,0,0,0,0
3015,bradium_golem,bradium_golem,bradium_golem,1,50,0,100,100,1,10,10,0,5,1,1,1,1,1,1,10,12,1,7,20,0x83,400,1872,672,480,0,0,0,0,0,0,0,0,0,0,0,0,0,0,0,0,0,0,0,0,0,0,0,0,0,0,0,0
3016,calliope,calliope,calliope,1,50,0,100,100,1,10,10,0,5,1,1,1,1,1,1,10,12,1,7,20,0x83,400,1872,672,480,0,0,0,0,0,0,0,0,0,0,0,0,0,0,0,0,0,0,0,0,0,0,0,0,0,0,0,0
3017,cave_monster,cave_monster,cave_monster,1,50,0,100,100,1,10,10,0,5,1,1,1,1,1,1,10,12,1,7,20,0x83,400,1872,672,480,0,0,0,0,0,0,0,0,0,0,0,0,0,0,0,0,0,0,0,0,0,0,0,0,0,0,0,0
3018,coal,coal,coal,1,50,0,100,100,1,10,10,0,5,1,1,1,1,1,1,10,12,1,7,20,0x83,400,1872,672,480,0,0,0,0,0,0,0,0,0,0,0,0,0,0,0,0,0,0,0,0,0,0,0,0,0,0,0,0
3019,contagious,contagious,contagious,1,50,0,100,100,1,10,10,0,5,1,1,1,1,1,1,10,12,1,7,20,0x83,400,1872,672,480,0,0,0,0,0,0,0,0,0,0,0,0,0,0,0,0,0,0,0,0,0,0,0,0,0,0,0,0
3020,crabon,crabon,crabon,1,50,0,100,100,1,10,10,0,5,1,1,1,1,1,1,10,12,1,7,20,0x83,400,1872,672,480,0,0,0,0,0,0,0,0,0,0,0,0,0,0,0,0,0,0,0,0,0,0,0,0,0,0,0,0
3021,darkknight2,darkknight2,darkknight2,1,50,0,100,100,1,10,10,0,5,1,1,1,1,1,1,10,12,1,7,20,0x83,400,1872,672,480,0,0,0,0,0,0,0,0,0,0,0,0,0,0,0,0,0,0,0,0,0,0,0,0,0,0,0,0
3022,delph,delph,delph,1,50,0,100,100,1,10,10,0,5,1,1,1,1,1,1,10,12,1,7,20,0x83,400,1872,672,480,0,0,0,0,0,0,0,0,0,0,0,0,0,0,0,0,0,0,0,0,0,0,0,0,0,0,0,0
3023,diatres,diatres,diatres,1,50,0,100,100,1,10,10,0,5,1,1,1,1,1,1,10,12,1,7,20,0x83,400,1872,672,480,0,0,0,0,0,0,0,0,0,0,0,0,0,0,0,0,0,0,0,0,0,0,0,0,0,0,0,0
3024,draconis,draconis,draconis,1,50,0,100,100,1,10,10,0,5,1,1,1,1,1,1,10,12,1,7,20,0x83,400,1872,672,480,0,0,0,0,0,0,0,0,0,0,0,0,0,0,0,0,0,0,0,0,0,0,0,0,0,0,0,0
3025,dragonfly,dragonfly,dragonfly,1,50,0,100,100,1,10,10,0,5,1,1,1,1,1,1,10,12,1,7,20,0x83,400,1872,672,480,0,0,0,0,0,0,0,0,0,0,0,0,0,0,0,0,0,0,0,0,0,0,0,0,0,0,0,0
3026,dusk,dusk,dusk,1,50,0,100,100,1,10,10,0,5,1,1,1,1,1,1,10,12,1,7,20,0x83,400,1872,672,480,0,0,0,0,0,0,0,0,0,0,0,0,0,0,0,0,0,0,0,0,0,0,0,0,0,0,0,0
3027,edencluster1,edencluster1,edencluster1,1,50,0,100,100,1,10,10,0,5,1,1,1,1,1,1,10,12,1,7,20,0x83,400,1872,672,480,0,0,0,0,0,0,0,0,0,0,0,0,0,0,0,0,0,0,0,0,0,0,0,0,0,0,0,0
3028,edencluster2,edencluster2,edencluster2,1,50,0,100,100,1,10,10,0,5,1,1,1,1,1,1,10,12,1,7,20,0x83,400,1872,672,480,0,0,0,0,0,0,0,0,0,0,0,0,0,0,0,0,0,0,0,0,0,0,0,0,0,0,0,0
3029,edencluster3,edencluster3,edencluster3,1,50,0,100,100,1,10,10,0,5,1,1,1,1,1,1,10,12,1,7,20,0x83,400,1872,672,480,0,0,0,0,0,0,0,0,0,0,0,0,0,0,0,0,0,0,0,0,0,0,0,0,0,0,0,0
3030,edenmantis,edenmantis,edenmantis,1,50,0,100,100,1,10,10,0,5,1,1,1,1,1,1,10,12,1,7,20,0x83,400,1872,672,480,0,0,0,0,0,0,0,0,0,0,0,0,0,0,0,0,0,0,0,0,0,0,0,0,0,0,0,0
3031,edenwasp,edenwasp,edenwasp,1,50,0,100,100,1,10,10,0,5,1,1,1,1,1,1,10,12,1,7,20,0x83,400,1872,672,480,0,0,0,0,0,0,0,0,0,0,0,0,0,0,0,0,0,0,0,0,0,0,0,0,0,0,0,0
3032,edenwasp,edenwasp,edenwasp,1,50,0,100,100,1,10,10,0,5,1,1,1,1,1,1,10,12,1,7,20,0x83,400,1872,672,480,0,0,0,0,0,0,0,0,0,0,0,0,0,0,0,0,0,0,0,0,0,0,0,0,0,0,0,0
3033,elunium,elunium,elunium,1,50,0,100,100,1,10,10,0,5,1,1,1,1,1,1,10,12,1,7,20,0x83,400,1872,672,480,0,0,0,0,0,0,0,0,0,0,0,0,0,0,0,0,0,0,0,0,0,0,0,0,0,0,0,0
3034,elunium_golem,elunium_golem,elunium_golem,1,50,0,100,100,1,10,10,0,5,1,1,1,1,1,1,10,12,1,7,20,0x83,400,1872,672,480,0,0,0,0,0,0,0,0,0,0,0,0,0,0,0,0,0,0,0,0,0,0,0,0,0,0,0,0
3035,fahl,fahl,fahl,1,50,0,100,100,1,10,10,0,5,1,1,1,1,1,1,10,12,1,7,20,0x83,400,1872,672,480,0,0,0,0,0,0,0,0,0,0,0,0,0,0,0,0,0,0,0,0,0,0,0,0,0,0,0,0
3036,fenrir,fenrir,fenrir,1,50,0,100,100,1,10,10,0,5,1,1,1,1,1,1,10,12,1,7,20,0x83,400,1872,672,480,0,0,0,0,0,0,0,0,0,0,0,0,0,0,0,0,0,0,0,0,0,0,0,0,0,0,0,0
3037,fiend,fiend,fiend,1,50,0,100,100,1,10,10,0,5,1,1,1,1,1,1,10,12,1,7,20,0x83,400,1872,672,480,0,0,0,0,0,0,0,0,0,0,0,0,0,0,0,0,0,0,0,0,0,0,0,0,0,0,0,0
3038,firewarg,firewarg,firewarg,1,50,0,100,100,1,10,10,0,5,1,1,1,1,1,1,10,12,1,7,20,0x83,400,1872,672,480,0,0,0,0,0,0,0,0,0,0,0,0,0,0,0,0,0,0,0,0,0,0,0,0,0,0,0,0
3039,flowergirl,flowergirl,flowergirl,1,50,0,100,100,1,10,10,0,5,1,1,1,1,1,1,10,12,1,7,20,0x83,400,1872,672,480,0,0,0,0,0,0,0,0,0,0,0,0,0,0,0,0,0,0,0,0,0,0,0,0,0,0,0,0
3040,forestwarg,forestwarg,forestwarg,1,50,0,100,100,1,10,10,0,5,1,1,1,1,1,1,10,12,1,7,20,0x83,400,1872,672,480,0,0,0,0,0,0,0,0,0,0,0,0,0,0,0,0,0,0,0,0,0,0,0,0,0,0,0,0
3041,gil,gil,gil,1,50,0,100,100,1,10,10,0,5,1,1,1,1,1,1,10,12,1,7,20,0x83,400,1872,672,480,0,0,0,0,0,0,0,0,0,0,0,0,0,0,0,0,0,0,0,0,0,0,0,0,0,0,0,0
3042,harsiesis,harsiesis,harsiesis,1,50,0,100,100,1,10,10,0,5,1,1,1,1,1,1,10,12,1,7,20,0x83,400,1872,672,480,0,0,0,0,0,0,0,0,0,0,0,0,0,0,0,0,0,0,0,0,0,0,0,0,0,0,0,0
3043,hazardous,hazardous,hazardous,1,50,0,100,100,1,10,10,0,5,1,1,1,1,1,1,10,12,1,7,20,0x83,400,1872,672,480,0,0,0,0,0,0,0,0,0,0,0,0,0,0,0,0,0,0,0,0,0,0,0,0,0,0,0,0
3044,healer,healer,healer,1,50,0,100,100,1,10,10,0,5,1,1,1,1,1,1,10,12,1,7,20,0x83,400,1872,672,480,0,0,0,0,0,0,0,0,0,0,0,0,0,0,0,0,0,0,0,0,0,0,0,0,0,0,0,0
3045,hellhound,hellhound,hellhound,1,50,0,100,100,1,10,10,0,5,1,1,1,1,1,1,10,12,1,7,20,0x83,400,1872,672,480,0,0,0,0,0,0,0,0,0,0,0,0,0,0,0,0,0,0,0,0,0,0,0,0,0,0,0,0
3046,highorclord,highorclord,highorclord,1,50,0,100,100,1,10,10,0,5,1,1,1,1,1,1,10,12,1,7,20,0x83,400,1872,672,480,0,0,0,0,0,0,0,0,0,0,0,0,0,0,0,0,0,0,0,0,0,0,0,0,0,0,0,0
3047,horus,horus,horus,1,50,0,100,100,1,10,10,0,5,1,1,1,1,1,1,10,12,1,7,20,0x83,400,1872,672,480,0,0,0,0,0,0,0,0,0,0,0,0,0,0,0,0,0,0,0,0,0,0,0,0,0,0,0,0
3048,hrobi,hrobi,hrobi,1,50,0,100,100,1,10,10,0,5,1,1,1,1,1,1,10,12,1,7,20,0x83,400,1872,672,480,0,0,0,0,0,0,0,0,0,0,0,0,0,0,0,0,0,0,0,0,0,0,0,0,0,0,0,0
3049,iceboitata,iceboitata,iceboitata,1,50,0,100,100,1,10,10,0,5,1,1,1,1,1,1,10,12,1,7,20,0x83,400,1872,672,480,0,0,0,0,0,0,0,0,0,0,0,0,0,0,0,0,0,0,0,0,0,0,0,0,0,0,0,0
3050,implosion,implosion,implosion,1,50,0,100,100,1,10,10,0,5,1,1,1,1,1,1,10,12,1,7,20,0x83,400,1872,672,480,0,0,0,0,0,0,0,0,0,0,0,0,0,0,0,0,0,0,0,0,0,0,0,0,0,0,0,0
3051,insomniac,insomniac,insomniac,1,50,0,100,100,1,10,10,0,5,1,1,1,1,1,1,10,12,1,7,20,0x83,400,1872,672,480,0,0,0,0,0,0,0,0,0,0,0,0,0,0,0,0,0,0,0,0,0,0,0,0,0,0,0,0
3052,jungleboy,jungleboy,jungleboy,1,50,0,100,100,1,10,10,0,5,1,1,1,1,1,1,10,12,1,7,20,0x83,400,1872,672,480,0,0,0,0,0,0,0,0,0,0,0,0,0,0,0,0,0,0,0,0,0,0,0,0,0,0,0,0
3053,khonsu,khonsu,khonsu,1,50,0,100,100,1,10,10,0,5,1,1,1,1,1,1,10,12,1,7,20,0x83,400,1872,672,480,0,0,0,0,0,0,0,0,0,0,0,0,0,0,0,0,0,0,0,0,0,0,0,0,0,0,0,0
3054,kimre,kimre,kimre,1,50,0,100,100,1,10,10,0,5,1,1,1,1,1,1,10,12,1,7,20,0x83,400,1872,672,480,0,0,0,0,0,0,0,0,0,0,0,0,0,0,0,0,0,0,0,0,0,0,0,0,0,0,0,0
3055,ladyhel,ladyhel,ladyhel,1,50,0,100,100,1,10,10,0,5,1,1,1,1,1,1,10,12,1,7,20,0x83,400,1872,672,480,0,0,0,0,0,0,0,0,0,0,0,0,0,0,0,0,0,0,0,0,0,0,0,0,0,0,0,0
3056,lavender,lavender,lavender,1,50,0,100,100,1,10,10,0,5,1,1,1,1,1,1,10,12,1,7,20,0x83,400,1872,672,480,0,0,0,0,0,0,0,0,0,0,0,0,0,0,0,0,0,0,0,0,0,0,0,0,0,0,0,0
3057,lepera,lepera,lepera,1,50,0,100,100,1,10,10,0,5,1,1,1,1,1,1,10,12,1,7,20,0x83,400,1872,672,480,0,0,0,0,0,0,0,0,0,0,0,0,0,0,0,0,0,0,0,0,0,0,0,0,0,0,0,0
3058,lorelei,lorelei,lorelei,1,50,0,100,100,1,10,10,0,5,1,1,1,1,1,1,10,12,1,7,20,0x83,400,1872,672,480,0,0,0,0,0,0,0,0,0,0,0,0,0,0,0,0,0,0,0,0,0,0,0,0,0,0,0,0
3059,lycan,lycan,lycan,1,50,0,100,100,1,10,10,0,5,1,1,1,1,1,1,10,12,1,7,20,0x83,400,1872,672,480,0,0,0,0,0,0,0,0,0,0,0,0,0,0,0,0,0,0,0,0,0,0,0,0,0,0,0,0
3060,maat,maat,maat,1,50,0,100,100,1,10,10,0,5,1,1,1,1,1,1,10,12,1,7,20,0x83,400,1872,672,480,0,0,0,0,0,0,0,0,0,0,0,0,0,0,0,0,0,0,0,0,0,0,0,0,0,0,0,0
3061,mandrake,mandrake,mandrake,1,50,0,100,100,1,10,10,0,5,1,1,1,1,1,1,10,12,1,7,20,0x83,400,1872,672,480,0,0,0,0,0,0,0,0,0,0,0,0,0,0,0,0,0,0,0,0,0,0,0,0,0,0,0,0
3062,marinegrenade,marinegrenade,marinegrenade,1,50,0,100,100,1,10,10,0,5,1,1,1,1,1,1,10,12,1,7,20,0x83,400,1872,672,480,0,0,0,0,0,0,0,0,0,0,0,0,0,0,0,0,0,0,0,0,0,0,0,0,0,0,0,0
3063,mazze,mazze,mazze,1,50,0,100,100,1,10,10,0,5,1,1,1,1,1,1,10,12,1,7,20,0x83,400,1872,672,480,0,0,0,0,0,0,0,0,0,0,0,0,0,0,0,0,0,0,0,0,0,0,0,0,0,0,0,0
3064,mercune,mercune,mercune,1,50,0,100,100,1,10,10,0,5,1,1,1,1,1,1,10,12,1,7,20,0x83,400,1872,672,480,0,0,0,0,0,0,0,0,0,0,0,0,0,0,0,0,0,0,0,0,0,0,0,0,0,0,0,0
3065,mermanguard,mermanguard,mermanguard,1,50,0,100,100,1,10,10,0,5,1,1,1,1,1,1,10,12,1,7,20,0x83,400,1872,672,480,0,0,0,0,0,0,0,0,0,0,0,0,0,0,0,0,0,0,0,0,0,0,0,0,0,0,0,0
3066,mertseger,mertseger,mertseger,1,50,0,100,100,1,10,10,0,5,1,1,1,1,1,1,10,12,1,7,20,0x83,400,1872,672,480,0,0,0,0,0,0,0,0,0,0,0,0,0,0,0,0,0,0,0,0,0,0,0,0,0,0,0,0
3067,monitorlizard,monitorlizard,monitorlizard,1,50,0,100,100,1,10,10,0,5,1,1,1,1,1,1,10,12,1,7,20,0x83,400,1872,672,480,0,0,0,0,0,0,0,0,0,0,0,0,0,0,0,0,0,0,0,0,0,0,0,0,0,0,0,0
3068,mono,mono,mono,1,50,0,100,100,1,10,10,0,5,1,1,1,1,1,1,10,12,1,7,20,0x83,400,1872,672,480,0,0,0,0,0,0,0,0,0,0,0,0,0,0,0,0,0,0,0,0,0,0,0,0,0,0,0,0
3069,mossy_golem,mossy_golem,mossy_golem,1,50,0,100,100,1,10,10,0,5,1,1,1,1,1,1,10,12,1,7,20,0x83,400,1872,672,480,0,0,0,0,0,0,0,0,0,0,0,0,0,0,0,0,0,0,0,0,0,0,0,0,0,0,0,0
3070,mudrunner,mudrunner,mudrunner,1,50,0,100,100,1,10,10,0,5,1,1,1,1,1,1,10,12,1,7,20,0x83,400,1872,672,480,0,0,0,0,0,0,0,0,0,0,0,0,0,0,0,0,0,0,0,0,0,0,0,0,0,0,0,0
3071,neodrake,neodrake,neodrake,1,50,0,100,100,1,10,10,0,5,1,1,1,1,1,1,10,12,1,7,20,0x83,400,1872,672,480,0,0,0,0,0,0,0,0,0,0,0,0,0,0,0,0,0,0,0,0,0,0,0,0,0,0,0,0
3072,neptunian,neptunian,neptunian,1,50,0,100,100,1,10,10,0,5,1,1,1,1,1,1,10,12,1,7,20,0x83,400,1872,672,480,0,0,0,0,0,0,0,0,0,0,0,0,0,0,0,0,0,0,0,0,0,0,0,0,0,0,0,0
3073,ocho,ocho,ocho,1,50,0,100,100,1,10,10,0,5,1,1,1,1,1,1,10,12,1,7,20,0x83,400,1872,672,480,0,0,0,0,0,0,0,0,0,0,0,0,0,0,0,0,0,0,0,0,0,0,0,0,0,0,0,0
3074,oridecon,oridecon,oridecon,1,50,0,100,100,1,10,10,0,5,1,1,1,1,1,1,10,12,1,7,20,0x83,400,1872,672,480,0,0,0,0,0,0,0,0,0,0,0,0,0,0,0,0,0,0,0,0,0,0,0,0,0,0,0,0
3075,oridecon_golem,oridecon_golem,oridecon_golem,1,50,0,100,100,1,10,10,0,5,1,1,1,1,1,1,10,12,1,7,20,0x83,400,1872,672,480,0,0,0,0,0,0,0,0,0,0,0,0,0,0,0,0,0,0,0,0,0,0,0,0,0,0,0,0
3076,parosmummy,parosmummy,parosmummy,1,50,0,100,100,1,10,10,0,5,1,1,1,1,1,1,10,12,1,7,20,0x83,400,1872,672,480,0,0,0,0,0,0,0,0,0,0,0,0,0,0,0,0,0,0,0,0,0,0,0,0,0,0,0,0
3077,parosshaman,parosshaman,parosshaman,1,50,0,100,100,1,10,10,0,5,1,1,1,1,1,1,10,12,1,7,20,0x83,400,1872,672,480,0,0,0,0,0,0,0,0,0,0,0,0,0,0,0,0,0,0,0,0,0,0,0,0,0,0,0,0
3078,pegasus,pegasus,pegasus,1,50,0,100,100,1,10,10,0,5,1,1,1,1,1,1,10,12,1,7,20,0x83,400,1872,672,480,0,0,0,0,0,0,0,0,0,0,0,0,0,0,0,0,0,0,0,0,0,0,0,0,0,0,0,0
3079,perasus,perasus,perasus,1,50,0,100,100,1,10,10,0,5,1,1,1,1,1,1,10,12,1,7,20,0x83,400,1872,672,480,0,0,0,0,0,0,0,0,0,0,0,0,0,0,0,0,0,0,0,0,0,0,0,0,0,0,0,0
3080,rock_golem,rock_golem,rock_golem,1,50,0,100,100,1,10,10,0,5,1,1,1,1,1,1,10,12,1,7,20,0x83,400,1872,672,480,0,0,0,0,0,0,0,0,0,0,0,0,0,0,0,0,0,0,0,0,0,0,0,0,0,0,0,0
3081,rukk,rukk,rukk,1,50,0,100,100,1,10,10,0,5,1,1,1,1,1,1,10,12,1,7,20,0x83,400,1872,672,480,0,0,0,0,0,0,0,0,0,0,0,0,0,0,0,0,0,0,0,0,0,0,0,0,0,0,0,0
3082,salem,salem,salem,1,50,0,100,100,1,10,10,0,5,1,1,1,1,1,1,10,12,1,7,20,0x83,400,1872,672,480,0,0,0,0,0,0,0,0,0,0,0,0,0,0,0,0,0,0,0,0,0,0,0,0,0,0,0,0
3083,santadrops,santadrops,santadrops,1,50,0,100,100,1,10,10,0,5,1,1,1,1,1,1,10,12,1,7,20,0x83,400,1872,672,480,0,0,0,0,0,0,0,0,0,0,0,0,0,0,0,0,0,0,0,0,0,0,0,0,0,0,0,0
3084,santamarin,santamarin,santamarin,1,50,0,100,100,1,10,10,0,5,1,1,1,1,1,1,10,12,1,7,20,0x83,400,1872,672,480,0,0,0,0,0,0,0,0,0,0,0,0,0,0,0,0,0,0,0,0,0,0,0,0,0,0,0,0
3085,santapoporing,santapoporing,santapoporing,1,50,0,100,100,1,10,10,0,5,1,1,1,1,1,1,10,12,1,7,20,0x83,400,1872,672,480,0,0,0,0,0,0,0,0,0,0,0,0,0,0,0,0,0,0,0,0,0,0,0,0,0,0,0,0
3086,seaphr,seaphr,seaphr,1,50,0,100,100,1,10,10,0,5,1,1,1,1,1,1,10,12,1,7,20,0x83,400,1872,672,480,0,0,0,0,0,0,0,0,0,0,0,0,0,0,0,0,0,0,0,0,0,0,0,0,0,0,0,0
3087,sheller,sheller,sheller,1,50,0,100,100,1,10,10,0,5,1,1,1,1,1,1,10,12,1,7,20,0x83,400,1872,672,480,0,0,0,0,0,0,0,0,0,0,0,0,0,0,0,0,0,0,0,0,0,0,0,0,0,0,0,0
3088,siren,siren,siren,1,50,0,100,100,1,10,10,0,5,1,1,1,1,1,1,10,12,1,7,20,0x83,400,1872,672,480,0,0,0,0,0,0,0,0,0,0,0,0,0,0,0,0,0,0,0,0,0,0,0,0,0,0,0,0
3089,spearfish,spearfish,spearfish,1,50,0,100,100,1,10,10,0,5,1,1,1,1,1,1,10,12,1,7,20,0x83,400,1872,672,480,0,0,0,0,0,0,0,0,0,0,0,0,0,0,0,0,0,0,0,0,0,0,0,0,0,0,0,0
3090,spectre,spectre,spectre,1,50,0,100,100,1,10,10,0,5,1,1,1,1,1,1,10,12,1,7,20,0x83,400,1872,672,480,0,0,0,0,0,0,0,0,0,0,0,0,0,0,0,0,0,0,0,0,0,0,0,0,0,0,0,0
3091,sprite,sprite,sprite,1,50,0,100,100,1,10,10,0,5,1,1,1,1,1,1,10,12,1,7,20,0x83,400,1872,672,480,0,0,0,0,0,0,0,0,0,0,0,0,0,0,0,0,0,0,0,0,0,0,0,0,0,0,0,0
3092,sproutling,sproutling,sproutling,1,50,0,100,100,1,10,10,0,5,1,1,1,1,1,1,10,12,1,7,20,0x83,400,1872,672,480,0,0,0,0,0,0,0,0,0,0,0,0,0,0,0,0,0,0,0,0,0,0,0,0,0,0,0,0
3093,toxifrog,toxifrog,toxifrog,1,50,0,100,100,1,10,10,0,5,1,1,1,1,1,1,10,12,1,7,20,0x83,400,1872,672,480,0,0,0,0,0,0,0,0,0,0,0,0,0,0,0,0,0,0,0,0,0,0,0,0,0,0,0,0
3094,unicorn,unicorn,unicorn,1,50,0,100,100,1,10,10,0,5,1,1,1,1,1,1,10,12,1,7,20,0x83,400,1872,672,480,0,0,0,0,0,0,0,0,0,0,0,0,0,0,0,0,0,0,0,0,0,0,0,0,0,0,0,0
3095,venusblowfish,venusblowfish,venusblowfish,1,50,0,100,100,1,10,10,0,5,1,1,1,1,1,1,10,12,1,7,20,0x83,400,1872,672,480,0,0,0,0,0,0,0,0,0,0,0,0,0,0,0,0,0,0,0,0,0,0,0,0,0,0,0,0
3096,violif,violif,violif,1,50,0,100,100,1,10,10,0,5,1,1,1,1,1,1,10,12,1,7,20,0x83,400,1872,672,480,0,0,0,0,0,0,0,0,0,0,0,0,0,0,0,0,0,0,0,0,0,0,0,0,0,0,0,0
3097,werewolf,werewolf,werewolf,1,50,0,100,100,1,10,10,0,5,1,1,1,1,1,1,10,12,1,7,20,0x83,400,1872,672,480,0,0,0,0,0,0,0,0,0,0,0,0,0,0,0,0,0,0,0,0,0,0,0,0,0,0,0,0
3098,woodwarg,woodwarg,woodwarg,1,50,0,100,100,1,10,10,0,5,1,1,1,1,1,1,10,12,1,7,20,0x83,400,1872,672,480,0,0,0,0,0,0,0,0,0,0,0,0,0,0,0,0,0,0,0,0,0,0,0,0,0,0,0,0
3099,yutei,yutei,yutei,1,50,0,100,100,1,10,10,0,5,1,1,1,1,1,1,10,12,1,7,20,0x83,400,1872,672,480,0,0,0,0,0,0,0,0,0,0,0,0,0,0,0,0,0,0,0,0,0,0,0,0,0,0,0,0
3100,zombiedragon,zombiedragon,zombiedragon,1,50,0,100,100,1,10,10,0,5,1,1,1,1,1,1,10,12,1,7,20,0x83,400,1872,672,480,0,0,0,0,0,0,0,0,0,0,0,0,0,0,0,0,0,0,0,0,0,0,0,0,0,0,0,0

//#############################
// 	New Mob Monster !
//#############################
2600,Abomasnow,Abomasnow,Abomasnow,1,50,0,99999999999999999999,99999999999999999,1,10,10,0,5,1,1,1,1,1,1,10,12,1,7,20,0x83,400,1872,672,480,0,0,0,0,0,0,0,0,0,0,0,0,0,0,0,0,0,0,0,0,0,0,0,0,0,0,0,0
2601,Absol,Absol,Absol,1,50,0,0,0,1,10,10,0,5,1,1,1,1,1,1,10,12,1,7,20,0x83,400,1872,672,480,0,0,0,0,0,0,0,0,0,0,0,0,0,0,0,0,0,0,0,0,0,0,0,0,0,0,0,0
2607,Charizard,Charizard,Charizard,1,50,0,0,0,1,10,10,0,5,1,1,1,1,1,1,10,12,1,7,20,0x83,400,1872,672,480,0,0,0,0,0,0,0,0,0,0,0,0,0,0,0,0,0,0,0,0,0,0,0,0,0,0,0,0
2608,Charmaleon,Charmaleon,Charmaleon,1,50,0,0,0,1,10,10,0,5,1,1,1,1,1,1,10,12,1,7,20,0x83,400,1872,672,480,0,0,0,0,0,0,0,0,0,0,0,0,0,0,0,0,0,0,0,0,0,0,0,0,0,0,0,0
2609,Charmander,Charmander,Charmander,1,50,0,0,0,1,10,10,0,5,1,1,1,1,1,1,10,12,1,7,20,0x83,400,1872,672,480,0,0,0,0,0,0,0,0,0,0,0,0,0,0,0,0,0,0,0,0,0,0,0,0,0,0,0,0
2610,el_agni_l,el_agni_l,el_agni_l,1,50,0,0,0,1,10,10,0,5,1,1,1,1,1,1,10,12,1,7,20,0x83,400,1872,672,480,0,0,0,0,0,0,0,0,0,0,0,0,0,0,0,0,0,0,0,0,0,0,0,0,0,0,0,0
2611,el_agni_m,el_agni_m,el_agni_m,1,50,0,0,0,1,10,10,0,5,1,1,1,1,1,1,10,12,1,7,20,0x83,400,1872,672,480,0,0,0,0,0,0,0,0,0,0,0,0,0,0,0,0,0,0,0,0,0,0,0,0,0,0,0,0
2612,el_agni_s,el_agni_s,el_agni_s,1,50,0,0,0,1,10,10,0,5,1,1,1,1,1,1,10,12,1,7,20,0x83,400,1872,672,480,0,0,0,0,0,0,0,0,0,0,0,0,0,0,0,0,0,0,0,0,0,0,0,0,0,0,0,0
2613,el_aqua_l,el_aqua_l,el_aqua_l,1,50,0,0,0,1,10,10,0,5,1,1,1,1,1,1,10,12,1,7,20,0x83,400,1872,672,480,0,0,0,0,0,0,0,0,0,0,0,0,0,0,0,0,0,0,0,0,0,0,0,0,0,0,0,0
2614,el_aqua_m,el_aqua_m,el_aqua_m,1,50,0,0,0,1,10,10,0,5,1,1,1,1,1,1,10,12,1,7,20,0x83,400,1872,672,480,0,0,0,0,0,0,0,0,0,0,0,0,0,0,0,0,0,0,0,0,0,0,0,0,0,0,0,0
2615,el_aqua_s,el_aqua_s,el_aqua_s,1,50,0,0,0,1,10,10,0,5,1,1,1,1,1,1,10,12,1,7,20,0x83,400,1872,672,480,0,0,0,0,0,0,0,0,0,0,0,0,0,0,0,0,0,0,0,0,0,0,0,0,0,0,0,0
2616,el_tera_l,el_tera_l,el_tera_l,1,50,0,0,0,1,10,10,0,5,1,1,1,1,1,1,10,12,1,7,20,0x83,400,1872,672,480,0,0,0,0,0,0,0,0,0,0,0,0,0,0,0,0,0,0,0,0,0,0,0,0,0,0,0,0
2617,el_tera_m,el_tera_m,el_tera_m,1,50,0,0,0,1,10,10,0,5,1,1,1,1,1,1,10,12,1,7,20,0x83,400,1872,672,480,0,0,0,0,0,0,0,0,0,0,0,0,0,0,0,0,0,0,0,0,0,0,0,0,0,0,0,0
2618,el_tera_s,el_tera_s,el_tera_s,1,50,0,0,0,1,10,10,0,5,1,1,1,1,1,1,10,12,1,7,20,0x83,400,1872,672,480,0,0,0,0,0,0,0,0,0,0,0,0,0,0,0,0,0,0,0,0,0,0,0,0,0,0,0,0
2619,el_ventus_l,el_ventus_l,el_ventus_l,1,50,0,0,0,1,10,10,0,5,1,1,1,1,1,1,10,12,1,7,20,0x83,400,1872,672,480,0,0,0,0,0,0,0,0,0,0,0,0,0,0,0,0,0,0,0,0,0,0,0,0,0,0,0,0
2620,el_ventus_m,el_ventus_m,el_ventus_m,1,50,0,0,0,1,10,10,0,5,1,1,1,1,1,1,10,12,1,7,20,0x83,400,1872,672,480,0,0,0,0,0,0,0,0,0,0,0,0,0,0,0,0,0,0,0,0,0,0,0,0,0,0,0,0
2621,el_ventus_s,el_ventus_s,el_ventus_s,1,50,0,0,0,1,10,10,0,5,1,1,1,1,1,1,10,12,1,7,20,0x83,400,1872,672,480,0,0,0,0,0,0,0,0,0,0,0,0,0,0,0,0,0,0,0,0,0,0,0,0,0,0,0,0
2622,elfs,elfs,elfs,1,100,100,0,0,1,1,1,1,1,1,1,1,1,1,1,1,1,0,3,20,0x1,1,1,1,1,0,0,0,0,0,0,0,0,7367,0,0,0,0,0,0,0,0,0,0,0,0,0,0,0,0,0,0,0
2623,Fanta_Slime,Fanta_Slime,Fanta_Slime,1,50,0,0,0,1,10,10,0,5,1,1,1,1,1,1,10,12,1,7,20,0x83,400,1872,672,480,0,0,0,0,0,0,0,0,0,0,0,0,0,0,0,0,0,0,0,0,0,0,0,0,0,0,0,0
2624,Fanta_Fish,Fanta_Fish,Fanta_Fish,1,50,0,0,0,1,10,10,0,5,1,1,1,1,1,1,10,12,1,7,20,0x83,400,1872,672,480,0,0,0,0,0,0,0,0,0,0,0,0,0,0,0,0,0,0,0,0,0,0,0,0,0,0,0,0
2625,Fire_Moth,Fire_Moth,Fire_Moth,1,50,0,0,0,1,10,10,0,5,1,1,1,1,1,1,10,12,1,7,20,0x83,400,1872,672,480,0,0,0,0,0,0,0,0,0,0,0,0,0,0,0,0,0,0,0,0,0,0,0,0,0,0,0,0
2626,Floatzel,Floatzel,Floatzel,1,50,0,0,0,1,10,10,0,5,1,1,1,1,1,1,10,12,1,7,20,0x83,400,1872,672,480,0,0,0,0,0,0,0,0,0,0,0,0,0,0,0,0,0,0,0,0,0,0,0,0,0,0,0,0
2627,Gourd,Gourd,Gourd,1,50,0,0,0,1,10,10,0,5,1,1,1,1,1,1,10,12,1,7,20,0x83,400,1872,672,480,0,0,0,0,0,0,0,0,0,0,0,0,0,0,0,0,0,0,0,0,0,0,0,0,0,0,0,0
2628,Grovyle,Grovyle,Grovyle,1,50,0,0,0,1,10,10,0,5,1,1,1,1,1,1,10,12,1,7,20,0x83,400,1872,672,480,0,0,0,0,0,0,0,0,0,0,0,0,0,0,0,0,0,0,0,0,0,0,0,0,0,0,0,0
2629,Ivasaur,Ivasaur,Ivasaur,1,50,0,0,0,1,10,10,0,5,1,1,1,1,1,1,10,12,1,7,20,0x83,400,1872,672,480,0,0,0,0,0,0,0,0,0,0,0,0,0,0,0,0,0,0,0,0,0,0,0,0,0,0,0,0
2630,mer_bayeri,mer_bayeri,mer_bayeri,1,50,0,0,0,1,10,10,0,5,1,1,1,1,1,1,10,12,1,7,20,0x83,400,1872,672,480,0,0,0,0,0,0,0,0,0,0,0,0,0,0,0,0,0,0,0,0,0,0,0,0,0,0,0,0
2631,mer_dieter,mer_dieter,mer_dieter,1,50,0,0,0,1,10,10,0,5,1,1,1,1,1,1,10,12,1,7,20,0x83,400,1872,672,480,0,0,0,0,0,0,0,0,0,0,0,0,0,0,0,0,0,0,0,0,0,0,0,0,0,0,0,0
2632,mer_eira,mer_eira,mer_eira,1,50,0,0,0,1,10,10,0,5,1,1,1,1,1,1,10,12,1,7,20,0x83,400,1872,672,480,0,0,0,0,0,0,0,0,0,0,0,0,0,0,0,0,0,0,0,0,0,0,0,0,0,0,0,0
2633,mer_eleanor,mer_eleanor,mer_eleanor,1,50,0,0,0,1,10,10,0,5,1,1,1,1,1,1,10,12,1,7,20,0x83,400,1872,672,480,0,0,0,0,0,0,0,0,0,0,0,0,0,0,0,0,0,0,0,0,0,0,0,0,0,0,0,0
2634,mer_sera,mer_sera,mer_sera,1,50,0,0,0,1,10,10,0,5,1,1,1,1,1,1,10,12,1,7,20,0x83,400,1872,672,480,0,0,0,0,0,0,0,0,0,0,0,0,0,0,0,0,0,0,0,0,0,0,0,0,0,0,0,0
2635,Moss_Moth,Moss_Moth,Moss_Moth,1,50,0,0,0,1,10,10,0,5,1,1,1,1,1,1,10,12,1,7,20,0x83,400,1872,672,480,0,0,0,0,0,0,0,0,0,0,0,0,0,0,0,0,0,0,0,0,0,0,0,0,0,0,0,0
2636,mudkip,mudkip,mudkip,1,50,0,0,0,1,10,10,0,5,1,1,1,1,1,1,10,12,1,7,20,0x83,400,1872,672,480,0,0,0,0,0,0,0,0,0,0,0,0,0,0,0,0,0,0,0,0,0,0,0,0,0,0,0,0
2638,mystcase_blue,mystcase_blue,mystcase_blue,1,50,0,0,0,1,10,10,0,5,1,1,1,1,1,1,10,12,1,7,20,0x83,400,1872,672,480,0,0,0,0,0,0,0,0,0,0,0,0,0,0,0,0,0,0,0,0,0,0,0,0,0,0,0,0
2639,mystcase_orange,mystcase_orange,mystcase_orange,1,50,0,0,0,1,10,10,0,5,1,1,1,1,1,1,10,12,1,7,20,0x83,400,1872,672,480,0,0,0,0,0,0,0,0,29000,10000,29000,10000,29000,10000,29000,10000,29000,10000,0,0,0,0,0,0,0,0,0,0
2640,mystcase_purple,mystcase_purple,mystcase_purple,1,50,0,0,0,1,10,10,0,5,1,1,1,1,1,1,10,12,1,7,20,0x83,400,1872,672,480,0,0,0,0,0,0,0,0,0,0,0,0,0,0,0,0,0,0,0,0,0,0,0,0,0,0,0,0
2641,mystcase_yellow,mystcase_yellow,mystcase_yellow,1,50,0,0,0,1,10,10,0,5,1,1,1,1,1,1,10,12,1,7,20,0x83,400,1872,672,480,0,0,0,0,0,0,0,0,0,0,0,0,0,0,0,0,0,0,0,0,0,0,0,0,0,0,0,0
2642,nihility_zem,nihility_zem,nihility_zem,1,50,0,0,0,1,10,10,0,5,1,1,1,1,1,1,10,12,1,7,20,0x83,400,1872,672,480,0,0,0,0,0,0,0,0,0,0,0,0,0,0,0,0,0,0,0,0,0,0,0,0,0,0,0,0
2644,pichu,pichu,pichu,1,50,0,0,0,1,10,10,0,5,1,1,1,1,1,1,10,12,1,7,20,0x83,400,1872,672,480,0,0,0,0,0,0,0,0,0,0,0,0,0,0,0,0,0,0,0,0,0,0,0,0,0,0,0,0
2645,pikachu,pikachu,pikachu,1,50,0,0,0,1,10,10,0,5,1,1,1,1,1,1,10,12,1,7,20,0x83,400,1872,672,480,0,0,0,0,0,0,0,0,0,0,0,0,0,0,0,0,0,0,0,0,0,0,0,0,0,0,0,0
2647,Raichu,Raichu,Raichu,1,50,0,0,0,1,10,10,0,5,1,1,1,1,1,1,10,12,1,7,20,0x83,400,1872,672,480,0,0,0,0,0,0,0,0,0,0,0,0,0,0,0,0,0,0,0,0,0,0,0,0,0,0,0,0
2648,Rampardos,Rampardos,Rampardos,1,50,0,0,0,1,10,10,0,5,1,1,1,1,1,1,10,12,1,7,20,0x83,400,1872,672,480,0,0,0,0,0,0,0,0,0,0,0,0,0,0,0,0,0,0,0,0,0,0,0,0,0,0,0,0
2649,Riolu,Riolu,Riolu,1,50,0,0,0,1,10,10,0,5,1,1,1,1,1,1,10,12,1,7,20,0x83,400,1872,672,480,0,0,0,0,0,0,0,0,0,0,0,0,0,0,0,0,0,0,0,0,0,0,0,0,0,0,0,0
2651,Sppo,Sppo,Sppo,1,50,0,0,0,1,10,10,0,5,1,1,1,1,1,1,10,12,1,7,20,0x83,400,1872,672,480,0,0,0,0,0,0,0,0,0,0,0,0,0,0,0,0,0,0,0,0,0,0,0,0,0,0,0,0
2652,Squa,Squa,Squa,1,50,0,0,0,1,10,10,0,5,1,1,1,1,1,1,10,12,1,7,20,0x83,400,1872,672,480,0,0,0,0,0,0,0,0,0,0,0,0,0,0,0,0,0,0,0,0,0,0,0,0,0,0,0,0
2653,Taillow,Taillow,Taillow,1,50,0,0,0,1,10,10,0,5,1,1,1,1,1,1,10,12,1,7,20,0x83,400,1872,672,480,0,0,0,0,0,0,0,0,0,0,0,0,0,0,0,0,0,0,0,0,0,0,0,0,0,0,0,0
2655,Turtwing,Turtwing,Turtwing,1,50,0,0,0,1,10,10,0,5,1,1,1,1,1,1,10,12,1,7,20,0x83,400,1872,672,480,0,0,0,0,0,0,0,0,0,0,0,0,0,0,0,0,0,0,0,0,0,0,0,0,0,0,0,0
2656,Venasaur,Venasaur,Venasaur,1,50,0,0,0,1,10,10,0,5,1,1,1,1,1,1,10,12,1,7,20,0x83,400,1872,672,480,0,0,0,0,0,0,0,0,0,0,0,0,0,0,0,0,0,0,0,0,0,0,0,0,0,0,0,0
2637,mystcase_black,mystcase_black,mystcase_black,1,10,0,0,0,1,10,10,0,5,1,1,1,1,1,1,10,12,1,7,20,0x83,400,1872,672,480,0,0,0,0,0,0,0,0,0,0,0,0,0,0,0,0,0,0,0,0,0,0,0,0,0,0,0,0
2638,mystcase_blue,mystcase_blue,mystcase_blue,1,10,0,0,0,1,10,10,0,5,1,1,1,1,1,1,10,12,1,7,20,0x0,400,1872,672,480,0,0,0,0,0,0,0,0,0,0,0,0,0,0,0,0,0,0,0,0,0,0,0,0,0,0,0,0
2602,Ant_Bee,Ant_Bee,Ant_Bee,77,31000,1000,5000,3000,1,1055,1655,35,45,1,30,50,1,75,35,10,12,1,1,69,0x3695,200,676,648,432,0,0,0,0,0,0,0,0,28000,12,28001,12,28002,12,28003,12,28004,12,28005,12,28006,12,28007,12,671,15,29016,1
2603,Ant_Mantis,Ant_Mantis,Ant_Mantis,77,31000,1000,5000,3000,1,1055,1655,35,45,1,30,50,1,75,35,10,12,1,1,69,0x3695,200,676,648,432,0,0,0,0,0,0,0,0,28000,12,28001,12,28002,12,28003,12,28004,12,28005,12,28006,12,28007,12,671,15,29016,1
2604,Ant_Tickler,Ant_Tickler,Ant_Tickler,77,31000,1000,5000,3000,1,1055,1655,35,45,1,30,50,1,75,35,10,12,1,1,69,0x3695,200,676,648,432,0,0,0,0,0,0,0,0,28000,12,28001,12,28002,12,28003,12,28004,12,28005,12,28006,12,28007,12,671,15,29016,1
2643,Penguin,Penguin,Penguin,77,31000,1000,5000,3000,1,1055,1655,35,45,1,30,50,1,75,35,10,12,1,1,69,0x3695,200,676,648,432,0,0,0,0,0,0,0,0,28000,12,28001,12,28002,12,28003,12,28004,12,28005,12,28006,12,28007,12,671,15,29016,1
2654,Thiefmon,Thiefmon,Thiefmon,77,31000,1000,5000,3000,1,1055,1655,35,45,1,30,50,1,75,35,10,12,1,1,69,0x3695,200,676,648,432,0,0,0,0,0,0,0,0,28000,12,28001,12,28002,12,28003,12,28004,12,28005,12,28006,12,28007,12,671,15,29016,1
2646,Plug_Bat,Plug_Bat,Plug_Bat,77,31000,1000,5000,3000,1,1055,1655,35,45,1,30,50,1,75,35,10,12,1,1,69,0x3695,200,676,648,432,0,0,0,0,0,0,0,0,28000,12,28001,12,28002,12,28003,12,28004,12,28005,12,28006,12,28007,12,671,15,29016,1
2650,Simbatta,Simbatta,Simbatta,77,31000,1000,5000,3000,1,1055,1655,35,45,1,30,50,1,75,35,10,12,1,1,69,0x3695,200,676,648,432,0,0,0,0,0,0,0,0,28000,12,28001,12,28002,12,28003,12,28004,12,28005,12,28006,12,28007,12,671,15,29016,1

//#################################
//	New Mob Poring Monster !
//#################################
//Event Poring Commado
3300,PORING_BOMBER1,Poring,Poring,1,5000,0,0,1,2,5210,7248,57,99,67,76,178,238,171,60,12,5,1,7,86,0x2185,250,76,384,288,0,0,0,,0,,0,,0,,0,,0,,0,,0,,0,,0,,0,,0,,0,
3301,PORING_BOMBER2,Poring,Poring,2,8000,0,0,1,2,5210,7248,57,99,67,76,178,238,171,60,12,5,1,7,86,0x2185,200,76,384,288,0,0,0,,0,,0,,0,,0,,0,,0,,0,,0,,0,,0,,0,,0,
3302,PORING_BOMBER3,Poring,Poring,3,12000,0,0,1,2,5210,7248,57,99,67,76,178,238,171,60,12,5,1,7,86,0x2185,150,76,384,288,0,0,0,,0,,0,,0,,0,,0,,0,,0,,0,,0,,0,,0,,0,
3303,PORING_BOMBER4,Poring,Poring,4,15000,0,0,1,2,5210,7248,57,99,67,76,178,238,171,60,12,5,1,7,86,0x2185,100,76,384,288,0,0,0,,0,,0,,0,,0,,0,,0,,0,,0,,0,,0,,0,,0,
3304,PORING_BOMBER5,Poring,Poring,5,18000,0,0,1,2,5210,7248,57,99,67,76,178,238,171,60,12,5,1,7,86,0x2185,50,76,384,288,0,0,0,,0,,0,,0,,0,,0,,0,,0,,0,,0,,0,,0,,0,
3305,Poring_6,Poring_6,Poring_6,1,50,0,0,0,1,10,10,0,5,1,1,1,1,1,1,10,12,1,7,20,0x83,400,1872,672,480,0,0,0,0,0,0,0,0,0,0,0,0,0,0,0,0,0,0,0,0,0,0,0,0,0,0,0,0
3306,Poring_7,Poring_7,Poring_7,1,50,0,0,0,1,10,10,0,5,1,1,1,1,1,1,10,12,1,7,20,0x83,400,1872,672,480,0,0,0,0,0,0,0,0,0,0,0,0,0,0,0,0,0,0,0,0,0,0,0,0,0,0,0,0
3307,Poring_8,Poring_8,Poring_8,1,50,0,0,0,1,10,10,0,5,1,1,1,1,1,1,10,12,1,7,20,0x83,400,1872,672,480,0,0,0,0,0,0,0,0,0,0,0,0,0,0,0,0,0,0,0,0,0,0,0,0,0,0,0,0
3308,Poring_9,Poring_9,Poring_9,1,50,0,0,0,1,10,10,0,5,1,1,1,1,1,1,10,12,1,7,20,0x83,400,1872,672,480,0,0,0,0,0,0,0,0,0,0,0,0,0,0,0,0,0,0,0,0,0,0,0,0,0,0,0,0
3309,Poring_10,Poring_10,Poring_10,1,50,0,0,0,1,10,10,0,5,1,1,1,1,1,1,10,12,1,7,20,0x83,400,1872,672,480,0,0,0,0,0,0,0,0,0,0,0,0,0,0,0,0,0,0,0,0,0,0,0,0,0,0,0,0
3310,Poring_11,Poring_11,Poring_11,1,50,0,0,0,1,10,10,0,5,1,1,1,1,1,1,10,12,1,7,20,0x83,400,1872,672,480,0,0,0,0,0,0,0,0,0,0,0,0,0,0,0,0,0,0,0,0,0,0,0,0,0,0,0,0
3311,Poring_12,Poring_12,Poring_12,1,50,0,0,0,1,10,10,0,5,1,1,1,1,1,1,10,12,1,7,20,0x83,400,1872,672,480,0,0,0,0,0,0,0,0,0,0,0,0,0,0,0,0,0,0,0,0,0,0,0,0,0,0,0,0
3312,Poring_13,Poring_13,Poring_13,1,50,0,0,0,1,10,10,0,5,1,1,1,1,1,1,10,12,1,7,20,0x83,400,1872,672,480,0,0,0,0,0,0,0,0,0,0,0,0,0,0,0,0,0,0,0,0,0,0,0,0,0,0,0,0
3313,Poring_14,Poring_14,Poring_14,1,50,0,0,0,1,10,10,0,5,1,1,1,1,1,1,10,12,1,7,20,0x83,400,1872,672,480,0,0,0,0,0,0,0,0,0,0,0,0,0,0,0,0,0,0,0,0,0,0,0,0,0,0,0,0
3314,Poring_15,Poring_15,Poring_15,1,50,0,0,0,1,10,10,0,5,1,1,1,1,1,1,10,12,1,7,20,0x83,400,1872,672,480,0,0,0,0,0,0,0,0,0,0,0,0,0,0,0,0,0,0,0,0,0,0,0,0,0,0,0,0
3315,Poring_16,Poring_16,Poring_16,1,50,0,0,0,1,10,10,0,5,1,1,1,1,1,1,10,12,1,7,20,0x83,400,1872,672,480,0,0,0,0,0,0,0,0,0,0,0,0,0,0,0,0,0,0,0,0,0,0,0,0,0,0,0,0
3316,Poring_17,Poring_17,Poring_17,1,50,0,0,0,1,10,10,0,5,1,1,1,1,1,1,10,12,1,7,20,0x83,400,1872,672,480,0,0,0,0,0,0,0,0,0,0,0,0,0,0,0,0,0,0,0,0,0,0,0,0,0,0,0,0
3317,Poring_18,Poring_18,Poring_18,1,50,0,0,0,1,10,10,0,5,1,1,1,1,1,1,10,12,1,7,20,0x83,400,1872,672,480,0,0,0,0,0,0,0,0,0,0,0,0,0,0,0,0,0,0,0,0,0,0,0,0,0,0,0,0
3318,Poring_19,Poring_19,Poring_19,1,50,0,0,0,1,10,10,0,5,1,1,1,1,1,1,10,12,1,7,20,0x83,400,1872,672,480,0,0,0,0,0,0,0,0,0,0,0,0,0,0,0,0,0,0,0,0,0,0,0,0,0,0,0,0
3319,Poring_20,Poring_20,Poring_20,1,50,0,0,0,1,10,10,0,5,1,1,1,1,1,1,10,12,1,7,20,0x83,400,1872,672,480,0,0,0,0,0,0,0,0,0,0,0,0,0,0,0,0,0,0,0,0,0,0,0,0,0,0,0,0
3320,Poring_21,Poring_21,Poring_21,1,50,0,0,0,1,10,10,0,5,1,1,1,1,1,1,10,12,1,7,20,0x83,400,1872,672,480,0,0,0,0,0,0,0,0,0,0,0,0,0,0,0,0,0,0,0,0,0,0,0,0,0,0,0,0
3321,Poring_22,Poring_22,Poring_22,1,50,0,0,0,1,10,10,0,5,1,1,1,1,1,1,10,12,1,7,20,0x83,400,1872,672,480,0,0,0,0,0,0,0,0,0,0,0,0,0,0,0,0,0,0,0,0,0,0,0,0,0,0,0,0
3322,Poring_23,Poring_23,Poring_23,1,50,0,0,0,1,10,10,0,5,1,1,1,1,1,1,10,12,1,7,20,0x83,400,1872,672,480,0,0,0,0,0,0,0,0,0,0,0,0,0,0,0,0,0,0,0,0,0,0,0,0,0,0,0,0
3323,Poring_24,Poring_24,Poring_24,1,50,0,0,0,1,10,10,0,5,1,1,1,1,1,1,10,12,1,7,20,0x83,400,1872,672,480,0,0,0,0,0,0,0,0,0,0,0,0,0,0,0,0,0,0,0,0,0,0,0,0,0,0,0,0
3324,Poring_25,Poring_25,Poring_25,1,50,0,0,0,1,10,10,0,5,1,1,1,1,1,1,10,12,1,7,20,0x83,400,1872,672,480,0,0,0,0,0,0,0,0,0,0,0,0,0,0,0,0,0,0,0,0,0,0,0,0,0,0,0,0
3325,Poring_26,Poring_26,Poring_26,1,50,0,0,0,1,10,10,0,5,1,1,1,1,1,1,10,12,1,7,20,0x83,400,1872,672,480,0,0,0,0,0,0,0,0,0,0,0,0,0,0,0,0,0,0,0,0,0,0,0,0,0,0,0,0
3326,Poring_27,Poring_27,Poring_27,1,50,0,0,0,1,10,10,0,5,1,1,1,1,1,1,10,12,1,7,20,0x83,400,1872,672,480,0,0,0,0,0,0,0,0,0,0,0,0,0,0,0,0,0,0,0,0,0,0,0,0,0,0,0,0
3327,Poring_28,Poring_28,Poring_28,1,50,0,0,0,1,10,10,0,5,1,1,1,1,1,1,10,12,1,7,20,0x83,400,1872,672,480,0,0,0,0,0,0,0,0,0,0,0,0,0,0,0,0,0,0,0,0,0,0,0,0,0,0,0,0
3328,Poring_29,Poring_29,Poring_29,1,50,0,0,0,1,10,10,0,5,1,1,1,1,1,1,10,12,1,7,20,0x83,400,1872,672,480,0,0,0,0,0,0,0,0,0,0,0,0,0,0,0,0,0,0,0,0,0,0,0,0,0,0,0,0
3329,Poring_30,Poring_30,Poring_30,1,50,0,0,0,1,10,10,0,5,1,1,1,1,1,1,10,12,1,7,20,0x83,400,1872,672,480,0,0,0,0,0,0,0,0,0,0,0,0,0,0,0,0,0,0,0,0,0,0,0,0,0,0,0,0
///3330,Poring_31,Poring_31,Poring_31,1,50,0,0,0,1,10,10,0,5,1,1,1,1,1,1,10,12,1,7,20,0x83,400,1872,672,480,0,0,0,0,0,0,0,0,0,0,0,0,0,0,0,0,0,0,0,0,0,0,0,0,0,0,0,0

//----------------------------
//	SET BOSS 1
//----------------------------
2700,Addax,Addax,Addax,99,7540000,10000,2854900,3114520,3,5560,10000,25,42,130,140,40,130,230,210,10,12,2,8,86,0x37B5,100,768,768,480,1427450,10000,0,0,0,0,0,0,0,0,0,0,0,0,0,0,0,0,0,0,0,0,0,0,675,10000,0,0
2701,Ancient_Tree,Ancient_Tree,Ancient_Tree,99,1,10000,2854900,3114520,3,5560,10000,25,42,130,140,40,130,230,210,10,12,2,8,86,0x37B5,100,768,768,480,1427450,10000,0,0,0,0,0,0,0,0,0,0,0,0,0,0,0,0,0,0,0,0,0,0,675,10000,0,0
2702,Aposis,Aposis,Aposis,99,7540000,10000,2854900,3114520,3,5560,10000,25,42,130,140,40,130,230,210,10,12,2,8,86,0x37B5,100,768,768,480,1427450,10000,0,0,0,0,0,0,0,0,0,0,0,0,0,0,0,0,0,0,0,0,0,0,675,10000,0,0
2703,Arachne,Arachne,Arachne,99,1,10000,2854900,3114520,3,5560,10000,25,42,130,140,40,130,230,210,10,12,2,8,86,0x37B5,100,768,768,480,1427450,10000,0,0,0,0,0,0,0,0,0,0,0,0,0,0,0,0,0,0,0,0,0,0,675,10000,0,0
2704,Ayame_Man,Ayame_Men,Ayame_Men,99,7540000,10000,2854900,3114520,3,5560,10000,25,42,130,140,40,130,230,210,10,12,2,8,86,0x37B5,100,768,768,480,1427450,10000,0,0,0,0,0,0,0,0,0,0,0,0,0,0,0,0,0,0,0,0,0,0,675,10000,0,0
2705,Barorl,Barorl,Barorl,99,7540000,10000,2854900,3114520,3,5560,10000,25,42,130,140,40,130,230,210,10,12,2,8,86,0x37B5,100,768,768,480,1427450,10000,0,0,0,0,0,0,0,0,0,0,0,0,0,0,0,0,0,0,0,0,0,0,675,10000,0,0
2706,Beast_Vincento,Beast_Vincento,Beast_Vincento,99,7500000,10000,2854900,3114520,3,5560,10000,25,42,130,140,50,130,230,210,10,12,1,11,63,0x37B5,100,768,768,480,1427450,10000,0,0,0,0,0,0,7619,1000,7620,1000,2374,300,2702,400,2258,100,12103,500,0,0,0,0,675,10000,0,0
2707,Cannon_Shell,Cannon_Shell,Cannon_Shell,99,7540000,10000,2854900,3114520,3,5560,10000,25,42,130,140,40,130,230,210,10,12,2,8,86,0x37B5,100,768,768,480,1427450,10000,0,0,0,0,0,0,0,0,0,0,0,0,0,0,0,0,0,0,0,0,0,0,0,0,0,0
2708,Captain_Skull,Captain_Skull,Captain_Skull,99,7580000,10000,2854900,3114520,3,5560,10000,25,42,130,140,100,130,230,210,10,12,1,11,61,0x37B5,100,768,768,480,1427450,10000,0,0,0,0,0,0,7619,1000,7620,1000,2345,500,2115,300,12103,500,0,0,0,0,0,0,675,10000,0,0
2709,Cherry_Blue,Cherry_Blue,Cherry_Blue,99,7900000,10000,2854900,3114520,3,5560,10000,25,42,130,140,100,130,230,210,10,12,1,11,61,0x37B5,100,768,768,480,1427450,10000,0,0,0,0,0,0,7619,1000,7620,1000,2234,100,2364,800,2433,300,12103,500,0,0,0,0,675,10000,0,0
2710,Guardian_Angel,Guardian_Angel,Guardian_Angel,99,9555000,10000,2854900,3114520,3,5560,10000,25,42,130,140,40,130,230,210,10,12,1,11,60,0x37B5,100,768,768,480,1427450,10000,0,0,0,0,0,0,7619,1000,7620,1000,2115,100,2524,200,2357,300,12103,500,0,0,0,0,675,10000,0,0
2711,Corpse_Hand,Corpse_Hand,Corpse_Hand,99,7540000,10000,2854900,3114520,3,5560,10000,25,42,130,140,40,130,230,210,10,12,2,8,86,0x37B5,100,768,768,480,1427450,10000,0,0,0,0,0,0,0,0,0,0,0,0,0,0,0,0,0,0,0,0,0,0,675,10000,0,0
2712,Crown_Zero,Crown_Zero,Crown_Zero,99,8888888,10000,2854900,3114520,3,5560,10000,25,42,130,140,40,130,230,210,10,12,1,11,60,0x37B5,100,768,768,480,1427450,10000,0,0,0,0,0,0,7619,1000,7620,1000,2256,100,2702,100,1231,300,12103,500,0,0,0,0,675,10000,0,0
2713,Cyan_Satan,Cyan_Satan,Cyan_Satan,99,8900000,10000,2854900,3114520,3,5560,10000,25,42,130,140,40,130,230,210,10,12,2,11,60,0x37B5,100,768,768,480,1427450,10000,0,0,0,0,0,0,7619,1000,7620,1000,2433,300,2374,200,12103,500,1225,300,0,0,0,0,675,10000,0,0
2714,Cyberbot,Cyberbot,Cyberbot,99,7540000,10000,2854900,3114520,3,5560,10000,25,42,130,140,40,130,230,210,10,12,2,8,86,0x37B5,100,768,768,480,1427450,10000,0,0,0,0,0,0,0,0,0,0,0,0,0,0,0,0,0,0,0,0,0,0,675,10000,0,0
2715,Daehyon,Daehyon,Daehyon,99,7780000,10000,2854900,3114520,3,5560,10000,25,42,130,140,40,130,230,210,10,12,1,11,62,0x37B5,100,768,768,480,1427450,10000,0,0,0,0,0,0,7619,1000,7620,1000,12103,500,2374,200,2115,100,5074,5000,0,0,0,0,675,10000,0,0
2716,Daibo_Kyo,Daibo_Kyo,Daibo_Kyo,99,7540000,10000,2854900,3114520,3,5560,10000,25,42,130,140,40,130,230,210,10,12,2,8,86,0x37B5,100,768,768,480,1427450,10000,0,0,0,0,0,0,0,0,0,0,0,0,0,0,0,0,0,0,0,0,0,0,0,0,0,0
2717,Dancer_Isabelle,Dancer_Isabelle,Dancer_Isabelle,99,7400000,10000,2854900,3114520,3,5560,10000,25,42,130,140,40,130,230,210,10,12,0,11,64,0x37B5,100,768,768,480,1427450,10000,0,0 ,0,0,0,0,7619,1000,7620,1000,12103,500,2235,100,2702,400,2345,300,0,0,0,0,675,10000,0,0
2718,Dancer_Michel,Dancer_Michel,Dancer_Michel,99,7540000,10000,2854900,3114520,3,5560,10000,25,42,130,140,40,130,230,210,10,12,2,8,86,0x37B5,100,768,768,480,1427450,10000,0,0,0,0,0,0,0,0,0,0,0,0,0,0,0,0,0,0,0,0,0,0,0,0,0,0
2719,Dark_Hollow,Dark_Hollow,Dark_Hollow,99,7555555,10000,2854900,3114520,3,5560,10000,25,42,130,140,40,130,230,210,10,12,1,11,60,0x37B5,100,768,768,480,1427450,10000,0,0,0,0,0,0,7619,1000,7620,1000,2729,500,2423,200,0,0,12103,500,0,0,0,0,675,10000,0,0
2720,Dark_Lady,Dark_Lady,Dark_Lady,99,7540000,10000,2854900,3114520,3,5560,10000,25,42,130,140,40,130,230,210,10,12,2,8,86,0x37B5,100,768,768,480,1427450,10000,0,0,0,0,0,0,0,0,0,0,0,0,0,0,0,0,0,0,0,0,0,0,675,10000,0,0
2721,Dark_Lady,Dark_Lady,Dark_Lady,99,7540000,10000,2854900,3114520,3,5560,10000,25,42,130,140,40,130,230,210,10,12,2,8,86,0x37B5,100,768,768,480,1427450,10000,0,0,0,0,0,0,0,0,0,0,0,0,0,0,0,0,0,0,0,0,0,0,675,10000,0,0
2722,DarkKnight,DarkKnight,DarkKnight,99,7540000,10000,2854900,3114520,3,5560,10000,25,42,130,140,40,130,230,210,10,12,2,8,86,0x37B5,100,768,768,480,1427450,10000,0,0,0,0,0,0,0,0,0,0,0,0,0,0,0,0,0,0,0,0,0,0,675,10000,0,0
2723,Diablo_Baphomet,Diablo_Baphomet,Diablo_Baphomet,99,7421000,10000,2854900,3114520,3,5560,10000,25,42,130,140,40,130,230,210,10,12,1,11,60,0x37B5,100,768,768,480,1427450,10000,0,0,0,0,0,0,7619,1000,7620,1000,2256,5,2433,100,12103,500,0,0,0,0,0,0,675,10000,0,0
//----------------------------
//	SET BOSS 2
//----------------------------
2724,Dragon_Lord,Dragon_Lord,Dragon_Lord,99,7540000,10000,2854900,3114520,3,5560,10000,25,42,130,140,40,130,230,210,10,12,2,8,86,0x37B5,100,768,768,480,1427450,10000,0,0,0,0,0,0,0,0,0,0,0,0,0,0,0,0,0,0,0,0,0,0,675,10000,0,0
2725,Dragon_Yellow,Dragon_Yellow,Dragon_Yellow,99,1,10000,2854900,3114520,3,5560,10000,25,42,130,140,40,130,230,210,10,12,2,8,86,0x37B5,100,768,768,480,1427450,10000,0,0,0,0,0,0,0,0,0,0,0,0,0,0,0,0,0,0,0,0,0,0,0,0,0,0
2726,Elf_Men,Elf_Men,Elf_Men,99,9750000,10000,2854900,3114520,3,5560,10000,25,42,130,140,40,130,230,210,10,12,0,11,64,0x37B5,100,768,768,480,1427450,10000,0,0,0,0,0,0,7619,1000,7620,1000,2357,100,1228,50,2701,500,12103,500,0,0,0,0,675,10000,0,0
2727,Entweihen,Entweihen,Entweihen,99,7540000,10000,2854900,3114520,3,5560,10000,25,42,130,140,40,130,230,210,10,12,2,8,86,0x37B5,100,768,768,480,1427450,10000,0,0,0,0,0,0,0,0,0,0,0,0,0,0,0,0,0,0,0,0,0,0,0,0,0,0
2728,Eye_One_Devil,Eye_One_Devil,Eye_One_Devil,99,8790000,10000,2854900,3114520,3,5560,10000,25,42,130,140,40,130,230,210,10,12,2,11,63,0x37B5,100,768,768,480,1427450,10000,0,0,0,0,0,0,7619,1000,7620,1000,5007,100,2537,400,12103,500,2268,1500,0,0,0,0,675,10000,0,0
2729,Fabilsag,Fabilsag,Fabilsag,99,7530000,10000,2854900,3114520,3,5560,10000,25,42,130,140,40,130,230,210,10,12,2,11,81,0x37B5,100,768,768,480,1427450,10000,0,0,0,0,0,0,7619,1000,7620,1000,2702,80,2115,100,2375,200,12103,500,0,0,0,0,675,10000,0,0
2730,Fight_Man,Fight_Man,Fight_Man,99,7530000,10000,2854900,3114520,3,5560,10000,25,42,130,140,40,130,230,210,10,12,1,11,63,0x37B5,100,768,768,480,1427450,10000,0,0,0,0,0,0,7619,1000,7620,1000,2115,100,671,5000,2357,100,12103,500,0,0,0,0,675,10000,0,0
2731,Fire_Horse,Fire_Horse,Fire_Horse,99,7540000,10000,2854900,3114520,3,5560,10000,25,42,130,140,40,130,230,210,10,12,2,8,86,0x37B5,100,768,768,480,1427450,10000,0,0,0,0,0,0,0,0,0,0,0,0,0,0,0,0,0,0,0,0,0,0,675,10000,0,0
2732,Fire_Wolf,Fire_Wolf,Fire_Wolf,99,7540000,10000,2854900,3114520,3,5560,10000,25,42,130,140,40,130,230,210,10,12,2,8,86,0x37B5,100,768,768,480,1427450,10000,0,0,0,0,0,0,0,0,0,0,0,0,0,0,0,0,0,0,0,0,0,0,675,10000,0,0
2733,Flat_Salamander,Flat_Salamander,Flat_Salamander,99,7540000,10000,2854900,3114520,3,5560,10000,25,42,130,140,40,130,230,210,10,12,2,8,86,0x37B5,100,768,768,480,1427450,10000,0,0,0,0,0,0,0,0,0,0,0,0,0,0,0,0,0,0,0,0,0,0,675,10000,0,0
2734,Frozen_Corpse,Frozen_Corpse,Frozen_Corpse,99,7540000,10000,2854900,3114520,3,5560,10000,25,42,130,140,40,130,230,210,10,12,2,8,86,0x37B5,100,768,768,480,1427450,10000,0,0,0,0,0,0,0,0,0,0,0,0,0,0,0,0,0,0,0,0,0,0,675,10000,0,0
2735,Gentle_Sting,Gentle_Sting,Gentle_Sting,99,9750000,10000,2854900,3114520,3,5560,10000,25,42,130,140,40,130,230,210,10,12,1,11,61,0x37B5,100,768,768,480,1427450,10000,0,0,0,0,0,0,7619,1000,7620,1000,2701,200,2702,400,2729,200,12103,500,0,0,0,0,675,10000,0,0
2736,Giant_Baphomet,Giant_Baphomet,Giant_Baphomet,99,7540000,10000,2854900,3114520,3,5560,10000,25,42,130,140,40,130,230,210,10,12,2,8,86,0x37B5,100,768,768,480,1427450,10000,0,0,0,0,0,0,0,0,0,0,0,0,0,0,0,0,0,0,0,0,0,0,675,10000,0,0
2737,GiantJuggernaut,GiantJuggernaut,GiantJuggernaut,99,7540000,10000,2854900,3114520,3,5560,10000,25,42,130,140,40,130,230,210,10,12,2,8,86,0x37B5,100,768,768,480,1427450,10000,0,0,0,0,0,0,0,0,0,0,0,0,0,0,0,0,0,0,0,0,0,0,675,10000,0,0
2738,GAMEMASTER,Game Master,Game Master,20,10,0,300000,300000,2,180,200,0,0,1,1,1,1,1,1,10,10,2,7,87,3568,60,420,400,576,0,0,0,0,0,0,0,0,617,1000,0,0,0,0,0,0,0,0,0,0,0,0,0,0,675,10000,0,0
2739,God_Poring,God_Poring,God_Poring,99,7540000,10000,2854900,3114520,3,5560,10000,25,42,130,140,40,130,230,210,10,12,2,8,86,0x37B5,100,768,768,480,1427450,10000,0,0,0,0,0,0,0,0,0,0,0,0,0,0,0,0,0,0,0,0,0,0,675,10000,0,0
2740,Gold_Lord_Of_Death,Gold_Lord_Of_Death,Gold_Lord_Of_Death,99,1,10000,2854900,3114520,3,5560,10000,25,42,130,140,40,130,230,210,10,12,2,8,86,0x37B5,100,768,768,480,1427450,10000,0,0,0,0,0,0,0,0,0,0,0,0,0,0,0,0,0,0,0,0,0,0,675,10000,0,0
2741,High_Kraken,High_Kraken,High_Kraken,99,7540000,10000,2854900,3114520,3,5560,10000,25,42,130,140,40,130,230,210,10,12,2,8,86,0x37B5,100,768,768,480,1427450,10000,0,0,0,0,0,0,0,0,0,0,0,0,0,0,0,0,0,0,0,0,0,0,675,10000,0,0
2742,High_Orc_Lord,High_Orc_Lord,High_Orc_Lord,99,7540000,10000,2854900,3114520,3,5560,10000,25,42,130,140,40,130,230,210,10,12,2,8,86,0x37B5,100,768,768,480,1427450,10000,0,0,0,0,0,0,0,0,0,0,0,0,0,0,0,0,0,0,0,0,0,0,675,10000,0,0
2743,Hollow_Poring,Hollow_Poring,Hollow_Poring,99,7540000,10000,2854900,3114520,3,5560,10000,25,42,130,140,40,130,230,210,10,12,2,8,86,0x37B5,100,768,768,480,1427450,10000,0,0,0,0,0,0,0,0,0,0,0,0,0,0,0,0,0,0,0,0,0,0,675,10000,0,0
2744,Hou_Chu,Hou_Chu,Hou_Chu,99,7540000,10000,2854900,3114520,3,5560,10000,25,42,130,140,40,130,230,210,10,12,2,8,86,0x37B5,100,768,768,480,1427450,10000,0,0,0,0,0,0,0,0,0,0,0,0,0,0,0,0,0,0,0,0,0,0,675,10000,0,0
2745,Ichthyosaur,Ichthyosaur,Ichthyosaur,99,7540000,10000,2854900,3114520,3,5560,10000,25,42,130,140,40,130,230,210,10,12,2,8,86,0x37B5,100,768,768,480,1427450,10000,0,0,0,0,0,0,0,0,0,0,0,0,0,0,0,0,0,0,0,0,0,0,675,10000,0,0
2746,Igniz,Igniz,Igniz,99,7540000,10000,2854900,3114520,3,5560,10000,25,42,130,140,40,130,230,210,10,12,2,8,86,0x37B5,100,768,768,480,1427450,10000,0,0,0,0,0,0,0,0,0,0,0,0,0,0,0,0,0,0,0,0,0,0,675,10000,0,0
2747,Jaguar,Jaguar,Jaguar,99,7540000,10000,2854900,3114520,3,5560,10000,25,42,130,140,40,130,230,210,10,12,2,8,86,0x37B5,100,768,768,480,1427450,10000,0,0,0,0,0,0,0,0,0,0,0,0,0,0,0,0,0,0,0,0,0,0,675,10000,0,0
2748,Jinn,Jinn,Jinn,99,7540000,10000,2854900,3114520,3,5560,10000,25,42,130,140,40,130,230,210,10,12,2,8,86,0x37B5,100,768,768,480,1427450,10000,0,0,0,0,0,0,0,0,0,0,0,0,0,0,0,0,0,0,0,0,0,0,675,10000,0,0
2749,Joker,Joker,Joker,99,7540000,10000,2854900,3114520,3,5560,10000,25,42,130,140,40,130,230,210,10,12,2,8,86,0x37B5,100,768,768,480,1427450,10000,0,0,0,0,0,0,0,0,0,0,0,0,0,0,0,0,0,0,0,0,0,0,675,10000,0,0
2750,Kraken,Kraken,Kraken,99,7775555,10000,2854900,3114520,3,5560,10000,25,42,130,140,40,130,230,210,10,12,1,11,61,0x37B5,100,768,768,480,1427450,10000,0,0,0,0,0,0,7619,1000,7620,1000,2249,300,2367,1000,2530,500,12103,500,0,0,0,0,675,10000,0,0
2751,Larva,Larva,Larva,99,8700000,10000,2854900,3114520,3,5560,10000,25,42,130,140,40,130,230,210,10,12,1,11,64,0x37B5,100,768,768,480,1427450,10000,0,0,0,0,0,0,7619,1000,7620,1000,2202,500,2347,800,671,5000,12103,500,0,0,0,0,675,10000,0,0
2752,Leviathan,Leviathan,Leviathan,99,7540000,10000,2854900,3114520,3,5560,10000,25,42,130,140,40,130,230,210,10,12,2,8,86,0x37B5,100,768,768,480,1427450,10000,0,0,0,0,0,0,0,0,0,0,0,0,0,0,0,0,0,0,0,0,0,0,675,10000,0,0
2753,Madame_Chiffon,Madame_Chiffon,Madame_Chiffon,99,7421000,10000,2854900,3114520,3,5560,10000,25,42,130,140,40,130,230,210,10,12,1,11,64,0x37B5,100,768,768,480,1427450,10000,0,0,0,0,0,0,7619,1000,7620,1000,2345,500,1225,300,2678,300,12103,500,0,0,0,0,675,10000,0,0
2754,Madamfondue,Madamfondue,Madamfondue,99,7540000,10000,2854900,3114520,3,5560,10000,25,42,130,140,40,130,230,210,10,12,2,8,86,0x37B5,100,768,768,480,1427450,10000,0,0,0,0,0,0,0,0,0,0,0,0,0,0,0,0,0,0,0,0,0,0,0,0,0,0
2755,Maiden_Ghost,Maiden_Ghost,Maiden_Ghost,99,9800000,10000,2854900,3114520,3,5560,10000,25,42,130,140,40,130,230,210,10,12,0,11,64,0x37B5,100,768,768,480,1427450,10000,0,0,0,0,0,0,7619,1000,7620,1000,671,5000,2433,100,2364,800,12103,500,0,0,0,0,675,10000,0,0
2756,Master_Foe,Master_Foe,Master_Foe,99,7540000,10000,2854900,3114520,3,5560,10000,25,42,130,140,40,130,230,210,10,12,2,8,86,0x37B5,100,768,768,480,1427450,10000,0,0,0,0,0,0,0,0,0,0,0,0,0,0,0,0,0,0,0,0,0,0,675,10000,0,0
2757,Master_Mong,Master_Mong,Master_Mong,99,7540000,10000,2854900,3114520,3,5560,10000,25,42,130,140,40,130,230,210,10,12,2,8,86,0x37B5,100,768,768,480,1427450,10000,0,0,0,0,0,0,0,0,0,0,0,0,0,0,0,0,0,0,0,0,0,0,675,10000,0,0
2758,MeawMow,MeawMow,MeawMow,99,7540000,10000,2854900,3114520,3,5560,10000,25,42,130,140,40,130,230,210,10,12,2,8,86,0x37B5,100,768,768,480,1427450,10000,0,0,0,0,0,0,0,0,0,0,0,0,0,0,0,0,0,0,0,0,0,0,675,10000,0,0
2759,Mermaid_Little,Mermaid_Little,Mermaid_Little,99,7540000,10000,2854900,3114520,3,5560,10000,25,42,130,140,40,130,230,210,10,12,2,8,86,0x37B5,100,768,768,480,1427450,10000,0,0,0,0,0,0,0,0,0,0,0,0,0,0,0,0,0,0,0,0,0,0,675,10000,0,0
2760,Merman_Aku,Merman_Aku,Merman_Aku,99,7540000,10000,2854900,3114520,3,5560,10000,25,42,130,140,40,130,230,210,10,12,2,8,86,0x37B5,100,768,768,480,1427450,10000,0,0,0,0,0,0,0,0,0,0,0,0,0,0,0,0,0,0,0,0,0,0,675,10000,0,0
2761,Merman_Ale,Merman_Ale,Merman_Ale,99,7540000,10000,2854900,3114520,3,5560,10000,25,42,130,140,40,130,230,210,10,12,2,8,86,0x37B5,100,768,768,480,1427450,10000,0,0,0,0,0,0,0,0,0,0,0,0,0,0,0,0,0,0,0,0,0,0,675,10000,0,0
2762,Merrow,Merrow,Merrow,99,7540000,10000,2854900,3114520,3,5560,10000,25,42,130,140,40,130,230,210,10,12,2,8,86,0x37B5,100,768,768,480,1427450,10000,0,0,0,0,0,0,0,0,0,0,0,0,0,0,0,0,0,0,0,0,0,0,675,10000,0,0
2763,Mikijung,Mikijung,Mikijung,99,8700000,10000,2854900,3114520,3,5560,10000,25,42,130,140,40,130,230,210,10,12,0,11,64,0x37B5,100,768,768,480,1427450,10000,0,0,0,0,0,0,7619,1000,7620,1000,1225,300,1230,20,2367,1000,12103,500,0,0,0,0,675,10000,0,0
//----------------------------
//	SET BOSS 3
//----------------------------
2764,Mole_Worker,Mole_Worker,Mole_Worker,99,7540000,10000,2854900,3114520,3,5560,10000,25,42,130,140,40,130,230,210,10,12,2,8,86,0x37B5,100,768,768,480,1427450,10000,0,0,0,0,0,0,0,0,0,0,0,0,0,0,0,0,0,0,0,0,0,0,675,10000,0,0
2765,Moonlight_Baby,Moonlight_Baby,Moonlight_Baby,99,7540000,10000,2854900,3114520,3,5560,10000,25,42,130,140,40,130,230,210,10,12,2,8,86,0x37B5,100,768,768,480,1427450,10000,0,0,0,0,0,0,0,0,0,0,0,0,0,0,0,0,0,0,0,0,0,0,675,10000,0,0
2766,MoonlightLady,,,99,7540000,10000,2854900,3114520,3,5560,10000,25,42,130,140,40,130,230,210,10,12,2,8,86,0x37B5,100,768,768,480,1427450,10000,0,0,0,0,0,0,0,0,0,0,0,0,0,0,0,0,0,0,0,0,0,0,675,10000,0,0
2767,Mummy_Girl,Mummy_Girl,Mummy_Girl,99,7540000,10000,2854900,3114520,3,5560,10000,25,42,130,140,40,130,230,210,10,12,2,8,86,0x37B5,100,768,768,480,1427450,10000,0,0,0,0,0,0,0,0,0,0,0,0,0,0,0,0,0,0,0,0,0,0,675,10000,0,0
2768,Nephthys,Nephthys,Nephthys,99,7540000,10000,2854900,3114520,3,5560,10000,25,42,130,140,40,130,230,210,10,12,2,8,86,0x37B5,100,768,768,480,1427450,10000,0,0,0,0,0,0,0,0,0,0,0,0,0,0,0,0,0,0,0,0,0,0,675,10000,0,0
2769,Officer_Kille,Officer_Kille,Officer_Kille,99,7912300,10000,2854900,3114520,3,5560,10000,25,42,130,140,40,130,230,210,10,12,1,11,64,0x37B5,100,768,768,480,1427450,10000,0,0,0,0,0,0,7619,1000,7620,1000,2115,100,0,0,12103,500,0,0,0,0,0,0,675,10000,0,0
2770,Okto,Okto,Okto,99,7600000,10000,2854900,3114520,3,5560,10000,25,42,130,140,40,130,230,210,10,12,1,11,64,0x37B5,100,768,768,480,1427450,10000,0,0,0,0,0,0,7619,1000,7620,1000,2702,400,2374,200,12103,500,0,0,0,0,0,0,675,10000,0,0
2771,Old_beelzebub,Old_beelzebub,Old_beelzebub,99,8777777,10000,2854900,3114520,3,5560,10000,25,42,130,140,40,130,230,210,10,12,1,11,64,0x37B5,100,768,768,480,1427450,10000,0,0,0,0,0,0,7619,1000,7620,1000,1237,500,1265,400,12103,500,0,0,1230,20,0,0,675,10000,0,0
2772,Phoenix,Phoenix,Phoenix,99,8500000,10000,2854900,3114520,3,5560,10000,25,42,130,140,40,130,230,210,10,12,1,11,63,0x37B5,100,768,768,480,1427450,10000,0,0,0,0,0,0,7619,1000,7620,1000,1228,50,1230,20,5374,50,12103,500,0,0,0,0,675,10000,0,0
2773,Pirate_Ghost,Pirate_Ghost,Pirate_Ghost,99,1,10000,2854900,3114520,3,5560,10000,25,42,130,140,40,130,230,210,10,12,2,8,86,0x37B5,100,768,768,480,1427450,10000,0,0,0,0,0,0,0,0,0,0,0,0,0,0,0,0,0,0,0,0,0,0,675,10000,0,0
2774,Poring_Master,Poring_Master,Poring_Master,99,7540000,10000,2854900,3114520,3,5560,10000,25,42,130,140,40,130,230,210,10,12,2,8,86,0x37B5,100,768,768,480,1427450,10000,0,0,0,0,0,0,0,0,0,0,0,0,0,0,0,0,0,0,0,0,0,0,675,10000,0,0
2775,Predator,Predator,Predator,99,1,10000,2854900,3114520,3,5560,10000,25,42,130,140,40,130,230,210,10,12,2,8,86,0x37B5,100,768,768,480,1427450,10000,0,0,0,0,0,0,0,0,0,0,0,0,0,0,0,0,0,0,0,0,0,0,675,10000,0,0
2776,Princess_Mermaid,Princess_Mermaid,Princess_Mermaid,99,7540000,10000,2854900,3114520,3,5560,10000,25,42,130,140,40,130,230,210,10,12,2,8,86,0x37B5,100,768,768,480,1427450,10000,0,0,0,0,0,0,0,0,0,0,0,0,0,0,0,0,0,0,0,0,0,0,675,10000,0,0
2777,Queen_Mummy,Queen_Mummy,Queen_Mummy,99,6890000,10000,2854900,3114520,3,5560,10000,25,42,130,140,40,130,230,210,10,12,0,11,60,0x37B5,100,768,768,480,1427450,10000,0,0,0,0,0,0,7619,1000,7620,1000,1231,300,2433,100,12103,500,2624,500,12204,900,0,0,675,10000,0,0
2778,Samurai_Red,Samurai_Red,Samurai_Red,99,7540000,10000,2854900,3114520,3,5560,10000,25,42,130,140,40,130,230,210,10,12,2,8,86,0x37B5,100,768,768,480,1427450,10000,0,0,0,0,0,0,0,0,0,0,0,0,0,0,0,0,0,0,0,0,0,0,675,10000,0,0
2779,Santagirl,Santagirl,Santagirl,99,8888888,10000,2854900,3114520,3,5560,10000,25,42,130,140,40,130,230,210,10,12,1,11,60,0x37B5,100,768,768,480,1427450,10000,0,0,0,0,0,0,7619,1000,7620,1000,2702,80,2701,200,2249,300,12103,500,0,0,0,0,675,10000,0,0
2780,Sea_Elephant,Sea_Elephant,Sea_Elephant,99,8000000,10000,2854900,3114520,3,5560,10000,25,42,130,140,40,130,230,210,10,12,2,11,61,0x37B5,100,768,768,480,1427450,10000,0,0,0,0,0,0,7619,1000,7620,1000,2729,200,2374,200,0,0,12103,500,0,0,0,0,675,10000,0,0
2781,Sea_Tiger,Sea_Tiger,Sea_Tiger,99,7540000,10000,2854900,3114520,3,5560,10000,25,42,130,140,40,130,230,210,10,12,2,8,86,0x37B5,100,768,768,480,1427450,10000,0,0,0,0,0,0,0,0,0,0,0,0,0,0,0,0,0,0,0,0,0,0,675,10000,0,0
2782,Shining_int,Shining_int,Shining_int,99,7540000,10000,2854900,3114520,3,5560,10000,25,42,130,140,40,130,230,210,10,12,2,8,86,0x37B5,100,768,768,480,1427450,10000,0,0,0,0,0,0,0,0,0,0,0,0,0,0,0,0,0,0,0,0,0,0,675,10000,0,0
2783,Siren_Mermaid,Siren_Mermaid,Siren_Mermaid,99,8700000,10000,2854900,3114520,3,5560,10000,25,42,130,140,40,130,230,210,10,12,2,11,61,0x37B5,100,768,768,480,1427450,10000,0,0,0,0,0,0,7619,1000,7620,1000,2115,200,2530,500,2524,200,12103,500,0,0,0,0,675,10000,0,0
2784,Slithis,Slithis,Slithis,99,7540000,10000,2854900,3114520,3,5560,10000,25,42,130,140,40,130,230,210,10,12,2,8,86,0x37B5,100,768,768,480,1427450,10000,0,0,0,0,0,0,0,0,0,0,0,0,0,0,0,0,0,0,0,0,0,0,675,10000,0,0
2785,Snake_Yamata,Snake_Yamata,Snake_Yamata,99,1,10000,2854900,3114520,3,5560,10000,25,42,130,140,40,130,230,210,10,12,2,8,86,0x37B5,100,768,768,480,1427450,10000,0,0,0,0,0,0,0,0,0,0,0,0,0,0,0,0,0,0,0,0,0,0,675,10000,0,0
2786,Sphinx,Sphinx,Sphinx,99,7540000,10000,2854900,3114520,3,5560,10000,25,42,130,140,40,130,230,210,10,12,2,8,86,0x37B5,100,768,768,480,1427450,10000,0,0,0,0,0,0,0,0,0,0,0,0,0,0,0,0,0,0,0,0,0,0,675,10000,0,0
2787,Spicy_Dragon,Spicy_Dragon,Spicy_Dragon,99,1,10000,2854900,3114520,3,5560,10000,25,42,130,140,40,130,230,210,10,12,2,8,86,0x37B5,100,768,768,480,1427450,10000,0,0,0,0,0,0,0,0,0,0,0,0,0,0,0,0,0,0,0,0,0,0,675,10000,0,0
2788,Sropho,Sropho,Sropho,99,8500000,10000,2854900,3114520,3,5560,10000,25,42,130,140,40,130,230,210,10,12,2,11,64,0x37B5,100,768,768,480,1427450,10000,0,0,0,0,0,0,7619,1000,7620,1000,2115,100,2433,100,12103,500,12090,2000,0,0,0,0,675,10000,0,0
2789,Standing_Salamander,Standing_Salamander,Standing_Salamander,99,1,10000,2854900,3114520,3,5560,10000,25,42,130,140,40,130,230,210,10,12,2,8,86,0x37B5,100,768,768,480,1427450,10000,0,0,0,0,0,0,0,0,0,0,0,0,0,0,0,0,0,0,0,0,0,0,675,10000,0,0
2790,Stone_Soldier,Stone_Soldier,Stone_Soldier,99,1,10000,2854900,3114520,3,5560,10000,25,42,130,140,40,130,230,210,10,12,2,8,86,0x37B5,100,768,768,480,1427450,10000,0,0,0,0,0,0,0,0,0,0,0,0,0,0,0,0,0,0,0,0,0,0,675,10000,0,0
2791,Sulaphat,Sulaphat,Sulaphat,99,1,10000,2854900,3114520,3,5560,10000,25,42,130,140,40,130,230,210,10,12,2,8,86,0x37B5,100,768,768,480,1427450,10000,0,0,0,0,0,0,0,0,0,0,0,0,0,0,0,0,0,0,0,0,0,0,675,10000,0,0
2792,Sword_Kyo,Sword_Kyo,Sword_Kyo,99,7540000,10000,2854900,3114520,3,5560,10000,25,42,130,140,40,130,230,210,10,12,2,8,86,0x37B5,100,768,768,480,1427450,10000,0,0,0,0,0,0,0,0,0,0,0,0,0,0,0,0,0,0,0,0,0,0,675,10000,0,0
2793,Takashi,Takashi,Takashi,99,8790000,10000,2854900,3114520,3,5560,10000,25,42,130,140,40,130,230,210,10,12,2,11,64,0x37B5,100,768,768,480,1427450,10000,0,0,0,0,0,0,7619,1000,7620,1000,2357,100,2524,200,0,0,12103,500,0,0,0,0,675,10000,0,0
//----------------------------
//	SET BOSS 4
//----------------------------
2794,Thor_Valkyrie,Thor_Valkyrie,Thor_Valkyrie,99,8890000,10000,2854900,3114520,3,5560,10000,25,42,130,140,40,130,230,210,10,12,2,11,60,0x37B5,100,768,768,480,1427450,10000,0,0,0,0,0,0,7619,1000,7620,1000,2615,500,2357,100,2423,200,12103,500,0,0,0,0,675,10000,0,0
2795,ThorMorroc,ThorMorroc,ThorMorroc,99,7540000,10000,2854900,3114520,3,5560,10000,25,42,130,140,40,130,230,210,10,12,2,8,86,0x37B5,100,768,768,480,1427450,10000,0,0,0,0,0,0,0,0,0,0,0,0,0,0,0,0,0,0,0,0,0,0,675,10000,0,0
2796,Tiger_Pakyo,Tiger_Pakyo,Tiger_Pakyo,99,7540000,10000,2854900,3114520,3,5560,10000,25,42,130,140,40,130,230,210,10,12,2,8,86,0x37B5,100,768,768,480,1427450,10000,0,0,0,0,0,0,0,0,0,0,0,0,0,0,0,0,0,0,0,0,0,0,675,10000,0,0
2797,Torpedo_Fish,Torpedo_Fish,Torpedo_Fish,99,7540000,10000,2854900,3114520,3,5560,10000,25,42,130,140,40,130,230,210,10,12,2,8,86,0x37B5,100,768,768,480,1427450,10000,0,0,0,0,0,0,0,0,0,0,0,0,0,0,0,0,0,0,0,0,0,0,675,10000,0,0
2798,Tritch,Tritch,Tritch,99,7540000,10000,2854900,3114520,3,5560,10000,25,42,130,140,40,130,230,210,10,12,2,8,86,0x37B5,100,768,768,480,1427450,10000,0,0,0,0,0,0,0,0,0,0,0,0,0,0,0,0,0,0,0,0,0,0,675,10000,0,0
2799,Tutankhamen,Tutankhamen,Tutankhamen,99,7540000,10000,2854900,3114520,3,5560,10000,25,42,130,140,40,130,230,210,10,12,2,8,86,0x37B5,100,768,768,480,1427450,10000,0,0,0,0,0,0,0,0,0,0,0,0,0,0,0,0,0,0,0,0,0,0,675,10000,0,0
2800,Ugly_Corpse,Ugly_Corpse,Ugly_Corpse,99,7540000,10000,2854900,3114520,3,5560,10000,25,42,130,140,40,130,230,210,10,12,2,8,86,0x37B5,100,768,768,480,1427450,10000,0,0,0,0,0,0,0,0,0,0,0,0,0,0,0,0,0,0,0,0,0,0,675,10000,0,0
2801,Ugly_Mermaid,Ugly_Mermaid,Ugly_Mermaid,99,7540000,10000,2854900,3114520,3,5560,10000,25,42,130,140,40,130,230,210,10,12,2,8,86,0x37B5,100,768,768,480,1427450,10000,0,0,0,0,0,0,0,0,0,0,0,0,0,0,0,0,0,0,0,0,0,0,675,10000,0,0
2802,Uzumaki_Naruto,Uzumaki_Naruto,Uzumaki_Naruto,99,7540000,10000,2854900,3114520,3,5560,10000,25,42,130,140,40,130,230,210,10,12,2,8,86,0x37B5,100,768,768,480,1427450,10000,0,0,0,0,0,0,0,0,0,0,0,0,0,0,0,0,0,0,0,0,0,0,675,10000,0,0
2803,Water_Weed_Witch,Water_Weed_Witch,Water_Weed_Witch,99,1,10000,2854900,3114520,3,5560,10000,25,42,130,140,40,130,230,210,10,12,2,8,86,0x37B5,100,768,768,480,1427450,10000,0,0,0,0,0,0,0,0,0,0,0,0,0,0,0,0,0,0,0,0,0,0,675,10000,0,0
2804,Were_wolf,Were_wolf,Were_wolf,99,7540000,10000,2854900,3114520,3,5560,10000,25,42,130,140,40,130,230,210,10,12,2,8,86,0x37B5,100,768,768,480,1427450,10000,0,0,0,0,0,0,0,0,0,0,0,0,0,0,0,0,0,0,0,0,0,0,675,10000,0,0
2805,Werepot,Werepot,Werepot,99,7850000,10000,2854900,3114520,3,5560,10000,25,42,130,140,40,130,230,210,10,12,0,11,63,0x37B5,100,768,768,480,1427450,10000,0,0,0,0,0,0,7619,1000,7620,1000,5374,50,0,0,2364,800,12103,500,0,0,0,0,675,10000,0,0
2806,Wild_rider,Wild_rider,Wild_rider,99,7900000,10000,2854900,3114520,3,5560,10000,25,42,130,140,40,130,230,210,10,12,0,11,60,0x37B5,100,768,768,480,1427450,10000,0,0,0,0,0,0,7619,1000,7620,1000,2702,400,2729,200,12103,500,2258,100,0,0,0,0,675,10000,0,0
2807,Wing_Salamander,Wing_Salamander,Wing_Salamander,99,1,10000,2854900,3114520,3,5560,10000,25,42,130,140,40,130,230,210,10,12,2,8,86,0x37B5,100,768,768,480,1427450,10000,0,0,0,0,0,0,0,0,0,0,0,0,0,0,0,0,0,0,0,0,0,0,675,10000,0,0
2808,Wolf_Warg,Wolf_Warg,Wolf_Warg,99,7540000,10000,2854900,3114520,3,5560,10000,25,42,130,140,40,130,230,210,10,12,2,8,86,0x37B5,100,768,768,480,1427450,10000,0,0,0,0,0,0,0,0,0,0,0,0,0,0,0,0,0,0,0,0,0,0,675,10000,0,0
2809,xZipper_Bear,xZipper_Bear,xZipper_Bear,99,7450000,10000,2854900,3114520,3,5560,10000,25,42,130,140,40,130,230,210,10,12,1,11,60,0x37B5,100,768,768,480,1427450,10000,0,0,0,0,0,0,7619,1000,7620,1000,12103,500,5007,100,2375,200,2701,200,0,0,0,0,675,10000,0,0
2810,Bangungot,Bangungot,Bangungot,99,7549000,10000,2854900,3114520,3,5560,10000,25,42,130,140,40,130,230,210,10,12,1,11,60,0x37B5,100,768,768,480,1427450,10000,0,0,0,0,0,0,7619,1000,7620,1000,2423,200,2615,500,5808,500,12103,500,0,0,0,0,675,10000,0,0
2811,bungisngis,bungisngis,bungisngis,99,7542000,10000,2854900,3114520,3,5560,10000,25,42,130,140,40,130,230,210,10,12,1,11,60,0x37B5,100,768,768,480,1427450,10000,0,0,0,0,0,0,7619,1000,7620,1000,2364,800,12103,500,616,1000,1169,500,0,0,0,0,675,10000,0,0
2812,Pyuriel,Pyuriel,Pyuriel,99,8712340,10000,2854900,3114520,3,5560,10000,25,42,130,140,40,130,230,210,10,12,1,11,62,0x37B5,100,768,768,480,1427450,10000,0,0,0,0,0,0,7619,1000,7620,1000,2115,100,5007,100,12103,500,2423,200,0,0,0,0,675,10000,0,0
2813,Soheon,Soheon,Soheon,99,7460000,10000,2854900,3114520,3,5560,10000,25,42,130,140,40,130,230,210,10,12,1,11,62,0x37B5,100,768,768,480,1427450,10000,0,0,0,0,0,0,7619,1000,7620,1000,2729,500,2423,500,1231,300,12103,500,0,0,0,0,675,10000,0,0
2814,Arrow_Men,Arrow_Men,Arrow_Men,99,7890000,10000,2854900,3114520,10,5560,10000,25,42,130,140,40,130,230,210,10,12,1,11,62,0x37B5,100,768,768,480,1427450,10000,0,0,0,0,0,0,7619,1000,7620,1000,2624,500,2367,1000,2433,300,12103,500,0,0,0,0,675,10000,0,0
2815,Man_Shower,Man_Shower,Man_Shower,99,7540000,10000,2854900,3114520,3,5560,10000,25,42,130,140,40,130,230,210,10,12,2,8,86,0x37B5,100,768,768,480,1427450,10000,0,0,0,0,0,0,0,0,0,0,0,0,0,0,0,0,0,0,0,0,0,0,675,10000,0,0
2816,SwordMAN_ICE,SwordMAN_ICE,SwordMAN_ICE,99,7540000,10000,2854900,3114520,3,5560,10000,25,42,130,140,40,130,230,210,10,12,2,8,86,0x37B5,100,768,768,480,1427450,10000,0,0,0,0,0,0,0,0,0,0,0,0,0,0,0,0,0,0,0,0,0,0,675,10000,0,0
2817,Yamada,Yamada,Yamada,99,7540000,10000,2854900,3114520,3,5560,10000,25,42,130,140,40,130,230,210,10,12,2,8,86,0x37B5,100,768,768,480,1427450,10000,0,0,0,0,0,0,0,0,0,0,0,0,0,0,0,0,0,0,0,0,0,0,675,10000,0,0
2818,Ninja_Kakashi,Ninja_Kakashi,Ninja_Kakashi,99,7540000,10000,2854900,3114520,3,5560,10000,25,42,130,140,40,130,230,210,10,12,2,8,86,0x37B5,100,768,768,480,1427450,10000,0,0,0,0,0,0,0,0,0,0,0,0,0,0,0,0,0,0,0,0,0,0,675,10000,0,0
2819,Kyoshiro,Kyoshiro,Kyoshiro,99,7540000,10000,2854900,3114520,3,5560,10000,25,42,130,140,40,130,230,210,10,12,2,8,86,0x37B5,100,768,768,480,1427450,10000,0,0,0,0,0,0,0,0,0,0,0,0,0,0,0,0,0,0,0,0,0,0,675,10000,0,0
2820,Kyo_Shirima,Kyo_Shirima,Kyo_Shirima,99,7540000,10000,2854900,3114520,3,5560,10000,25,42,130,140,40,130,230,210,10,12,1,11,62,0x37B5,100,768,768,480,1427450,10000,0,0,0,0,0,0,7619,1000,7620,1000,1231,300,12103,500,2374,300,2624,500,0,0,0,0,675,10000,0,0
//---------------------------------------------------------------------------

// - Pet Evolution
//2900,DR_Pet_001,DR_Pet_001,DR_Pet_001,1,50,0,0,0,1,10,10,0,5,1,1,1,1,1,1,10,12,1,7,20,0x83,400,1872,672,480,0,0,0,0,0,0,0,0,0,0,0,0,0,0,0,0,0,0,0,0,0,0,0,0,0,0,0,0
2901,DR_Pet_003,DR_Pet_003,DR_Pet_003,1,50,0,0,0,1,10,10,0,5,1,1,1,1,1,1,10,12,1,7,20,0x83,400,1872,672,480,0,0,0,0,0,0,0,0,0,0,0,0,0,0,0,0,0,0,0,0,0,0,0,0,0,0,0,0
2902,DR_Pet_007,DR_Pet_007,DR_Pet_007,1,50,0,0,0,1,10,10,0,5,1,1,1,1,1,1,10,12,1,7,20,0x83,400,1872,672,480,0,0,0,0,0,0,0,0,0,0,0,0,0,0,0,0,0,0,0,0,0,0,0,0,0,0,0,0
2903,DR_Pet_009,DR_Pet_009,DR_Pet_009,1,50,0,0,0,1,10,10,0,5,1,1,1,1,1,1,10,12,1,7,20,0x83,400,1872,672,480,0,0,0,0,0,0,0,0,0,0,0,0,0,0,0,0,0,0,0,0,0,0,0,0,0,0,0,0
//2904,DR_Pet_010,DR_Pet_010,DR_Pet_010,1,50,0,0,0,1,10,10,0,5,1,1,1,1,1,1,10,12,1,7,20,0x83,400,1872,672,480,0,0,0,0,0,0,0,0,0,0,0,0,0,0,0,0,0,0,0,0,0,0,0,0,0,0,0,0
//2905,DR_Pet_020,DR_Pet_020,DR_Pet_020,1,50,0,0,0,1,10,10,0,5,1,1,1,1,1,1,10,12,1,7,20,0x83,400,1872,672,480,0,0,0,0,0,0,0,0,0,0,0,0,0,0,0,0,0,0,0,0,0,0,0,0,0,0,0,0
2906,DR_Pet_021,DR_Pet_021,DR_Pet_021,1,50,0,0,0,1,10,10,0,5,1,1,1,1,1,1,10,12,1,7,20,0x83,400,1872,672,480,0,0,0,0,0,0,0,0,0,0,0,0,0,0,0,0,0,0,0,0,0,0,0,0,0,0,0,0
2907,DR_Pet_022,DR_Pet_022,DR_Pet_022,1,50,0,0,0,1,10,10,0,5,1,1,1,1,1,1,10,12,1,7,20,0x83,400,1872,672,480,0,0,0,0,0,0,0,0,0,0,0,0,0,0,0,0,0,0,0,0,0,0,0,0,0,0,0,0
2908,DR_Pet_025,DR_Pet_025,DR_Pet_025,1,50,0,0,0,1,10,10,0,5,1,1,1,1,1,1,10,12,1,7,20,0x83,400,1872,672,480,0,0,0,0,0,0,0,0,0,0,0,0,0,0,0,0,0,0,0,0,0,0,0,0,0,0,0,0
2909,DR_Pet_026,DR_Pet_026,DR_Pet_026,1,50,0,0,0,1,10,10,0,5,1,1,1,1,1,1,10,12,1,7,20,0x83,400,1872,672,480,0,0,0,0,0,0,0,0,0,0,0,0,0,0,0,0,0,0,0,0,0,0,0,0,0,0,0,0
2910,DR_Pet_027,DR_Pet_027,DR_Pet_027,1,50,0,0,0,1,10,10,0,5,1,1,1,1,1,1,10,12,1,7,20,0x83,400,1872,672,480,0,0,0,0,0,0,0,0,0,0,0,0,0,0,0,0,0,0,0,0,0,0,0,0,0,0,0,0
2911,DR_Pet_028,DR_Pet_028,DR_Pet_028,1,50,0,0,0,1,10,10,0,5,1,1,1,1,1,1,10,12,1,7,20,0x83,400,1872,672,480,0,0,0,0,0,0,0,0,0,0,0,0,0,0,0,0,0,0,0,0,0,0,0,0,0,0,0,0
2912,DR_Pet_029,DR_Pet_029,DR_Pet_029,1,50,0,0,0,1,10,10,0,5,1,1,1,1,1,1,10,12,1,7,20,0x83,400,1872,672,480,0,0,0,0,0,0,0,0,0,0,0,0,0,0,0,0,0,0,0,0,0,0,0,0,0,0,0,0
2913,DR_Pet_030,DR_Pet_030,DR_Pet_030,1,50,0,0,0,1,10,10,0,5,1,1,1,1,1,1,10,12,1,7,20,0x83,400,1872,672,480,0,0,0,0,0,0,0,0,0,0,0,0,0,0,0,0,0,0,0,0,0,0,0,0,0,0,0,0
2914,DR_Pet_031,DR_Pet_031,DR_Pet_031,1,50,0,0,0,1,10,10,0,5,1,1,1,1,1,1,10,12,1,7,20,0x83,400,1872,672,480,0,0,0,0,0,0,0,0,0,0,0,0,0,0,0,0,0,0,0,0,0,0,0,0,0,0,0,0
2915,DR_Pet_033,DR_Pet_033,DR_Pet_033,1,50,0,0,0,1,10,10,0,5,1,1,1,1,1,1,10,12,1,7,20,0x83,400,1872,672,480,0,0,0,0,0,0,0,0,0,0,0,0,0,0,0,0,0,0,0,0,0,0,0,0,0,0,0,0
2916,DR_Pet_034,DR_Pet_034,DR_Pet_034,1,50,0,0,0,1,10,10,0,5,1,1,1,1,1,1,10,12,1,7,20,0x83,400,1872,672,480,0,0,0,0,0,0,0,0,0,0,0,0,0,0,0,0,0,0,0,0,0,0,0,0,0,0,0,0
2917,DR_Pet_035,DR_Pet_035,DR_Pet_035,1,50,0,0,0,1,10,10,0,5,1,1,1,1,1,1,10,12,1,7,20,0x83,400,1872,672,480,0,0,0,0,0,0,0,0,0,0,0,0,0,0,0,0,0,0,0,0,0,0,0,0,0,0,0,0
2918,DR_Pet_036,DR_Pet_036,DR_Pet_036,1,50,0,0,0,1,10,10,0,5,1,1,1,1,1,1,10,12,1,7,20,0x83,400,1872,672,480,0,0,0,0,0,0,0,0,0,0,0,0,0,0,0,0,0,0,0,0,0,0,0,0,0,0,0,0
2919,DR_Pet_038,DR_Pet_038,DR_Pet_038,1,50,0,0,0,1,10,10,0,5,1,1,1,1,1,1,10,12,1,7,20,0x83,400,1872,672,480,0,0,0,0,0,0,0,0,0,0,0,0,0,0,0,0,0,0,0,0,0,0,0,0,0,0,0,0
2920,DR_Pet_039,DR_Pet_039,DR_Pet_039,1,50,0,0,0,1,10,10,0,5,1,1,1,1,1,1,10,12,1,7,20,0x83,400,1872,672,480,0,0,0,0,0,0,0,0,0,0,0,0,0,0,0,0,0,0,0,0,0,0,0,0,0,0,0,0
2921,DR_Pet_040,DR_Pet_040,DR_Pet_040,1,50,0,0,0,1,10,10,0,5,1,1,1,1,1,1,10,12,1,7,20,0x83,400,1872,672,480,0,0,0,0,0,0,0,0,0,0,0,0,0,0,0,0,0,0,0,0,0,0,0,0,0,0,0,0
2922,DR_Pet_041,DR_Pet_041,DR_Pet_041,1,50,0,0,0,1,10,10,0,5,1,1,1,1,1,1,10,12,1,7,20,0x83,400,1872,672,480,0,0,0,0,0,0,0,0,0,0,0,0,0,0,0,0,0,0,0,0,0,0,0,0,0,0,0,0
2923,DR_Pet_042,DR_Pet_042,DR_Pet_042,1,50,0,0,0,1,10,10,0,5,1,1,1,1,1,1,10,12,1,7,20,0x83,400,1872,672,480,0,0,0,0,0,0,0,0,0,0,0,0,0,0,0,0,0,0,0,0,0,0,0,0,0,0,0,0
2924,DR_Pet_043,DR_Pet_043,DR_Pet_043,1,50,0,0,0,1,10,10,0,5,1,1,1,1,1,1,10,12,1,7,20,0x83,400,1872,672,480,0,0,0,0,0,0,0,0,0,0,0,0,0,0,0,0,0,0,0,0,0,0,0,0,0,0,0,0
2925,DR_Pet_044,DR_Pet_044,DR_Pet_044,1,50,0,0,0,1,10,10,0,5,1,1,1,1,1,1,10,12,1,7,20,0x83,400,1872,672,480,0,0,0,0,0,0,0,0,0,0,0,0,0,0,0,0,0,0,0,0,0,0,0,0,0,0,0,0
2926,DR_Pet_047,DR_Pet_047,DR_Pet_047,1,50,0,0,0,1,10,10,0,5,1,1,1,1,1,1,10,12,1,7,20,0x83,400,1872,672,480,0,0,0,0,0,0,0,0,0,0,0,0,0,0,0,0,0,0,0,0,0,0,0,0,0,0,0,0
2927,DR_Pet_048,DR_Pet_048,DR_Pet_048,1,50,0,0,0,1,10,10,0,5,1,1,1,1,1,1,10,12,1,7,20,0x83,400,1872,672,480,0,0,0,0,0,0,0,0,0,0,0,0,0,0,0,0,0,0,0,0,0,0,0,0,0,0,0,0
2928,DR_Pet_049,DR_Pet_049,DR_Pet_049,1,50,0,0,0,1,10,10,0,5,1,1,1,1,1,1,10,12,1,7,20,0x83,400,1872,672,480,0,0,0,0,0,0,0,0,0,0,0,0,0,0,0,0,0,0,0,0,0,0,0,0,0,0,0,0
2929,DR_Pet_050,DR_Pet_050,DR_Pet_050,1,50,0,0,0,1,10,10,0,5,1,1,1,1,1,1,10,12,1,7,20,0x83,400,1872,672,480,0,0,0,0,0,0,0,0,0,0,0,0,0,0,0,0,0,0,0,0,0,0,0,0,0,0,0,0
2930,DR_Pet_052,DR_Pet_052,DR_Pet_052,1,50,0,0,0,1,10,10,0,5,1,1,1,1,1,1,10,12,1,7,20,0x83,400,1872,672,480,0,0,0,0,0,0,0,0,0,0,0,0,0,0,0,0,0,0,0,0,0,0,0,0,0,0,0,0
2931,DR_Pet_054,DR_Pet_054,DR_Pet_054,1,50,0,0,0,1,10,10,0,5,1,1,1,1,1,1,10,12,1,7,20,0x83,400,1872,672,480,0,0,0,0,0,0,0,0,0,0,0,0,0,0,0,0,0,0,0,0,0,0,0,0,0,0,0,0
2932,DR_Pet_055,DR_Pet_055,DR_Pet_055,1,50,0,0,0,1,10,10,0,5,1,1,1,1,1,1,10,12,1,7,20,0x83,400,1872,672,480,0,0,0,0,0,0,0,0,0,0,0,0,0,0,0,0,0,0,0,0,0,0,0,0,0,0,0,0
2933,DR_Pet_056,DR_Pet_056,DR_Pet_056,1,50,0,0,0,1,10,10,0,5,1,1,1,1,1,1,10,12,1,7,20,0x83,400,1872,672,480,0,0,0,0,0,0,0,0,0,0,0,0,0,0,0,0,0,0,0,0,0,0,0,0,0,0,0,0
2934,DR_Pet_057,DR_Pet_057,DR_Pet_057,1,50,0,0,0,1,10,10,0,5,1,1,1,1,1,1,10,12,1,7,20,0x83,400,1872,672,480,0,0,0,0,0,0,0,0,0,0,0,0,0,0,0,0,0,0,0,0,0,0,0,0,0,0,0,0
2935,DR_Pet_058,DR_Pet_058,DR_Pet_058,1,50,0,0,0,1,10,10,0,5,1,1,1,1,1,1,10,12,1,7,20,0x83,400,1872,672,480,0,0,0,0,0,0,0,0,0,0,0,0,0,0,0,0,0,0,0,0,0,0,0,0,0,0,0,0
2936,DR_Pet_059,DR_Pet_059,DR_Pet_059,1,50,0,0,0,1,10,10,0,5,1,1,1,1,1,1,10,12,1,7,20,0x83,400,1872,672,480,0,0,0,0,0,0,0,0,0,0,0,0,0,0,0,0,0,0,0,0,0,0,0,0,0,0,0,0
2937,DR_Pet_060,DR_Pet_060,DR_Pet_060,1,50,0,0,0,1,10,10,0,5,1,1,1,1,1,1,10,12,1,7,20,0x83,400,1872,672,480,0,0,0,0,0,0,0,0,0,0,0,0,0,0,0,0,0,0,0,0,0,0,0,0,0,0,0,0
2938,DR_Pet_061,DR_Pet_061,DR_Pet_061,1,50,0,0,0,1,10,10,0,5,1,1,1,1,1,1,10,12,1,7,20,0x83,400,1872,672,480,0,0,0,0,0,0,0,0,0,0,0,0,0,0,0,0,0,0,0,0,0,0,0,0,0,0,0,0
2939,DR_Pet_063,DR_Pet_063,DR_Pet_063,1,50,0,0,0,1,10,10,0,5,1,1,1,1,1,1,10,12,1,7,20,0x83,400,1872,672,480,0,0,0,0,0,0,0,0,0,0,0,0,0,0,0,0,0,0,0,0,0,0,0,0,0,0,0,0
2940,DR_Pet_066,DR_Pet_066,DR_Pet_066,1,50,0,0,0,1,10,10,0,5,1,1,1,1,1,1,10,12,1,7,20,0x83,400,1872,672,480,0,0,0,0,0,0,0,0,0,0,0,0,0,0,0,0,0,0,0,0,0,0,0,0,0,0,0,0
2941,DR_Pet_067,DR_Pet_067,DR_Pet_067,1,50,0,0,0,1,10,10,0,5,1,1,1,1,1,1,10,12,1,7,20,0x83,400,1872,672,480,0,0,0,0,0,0,0,0,0,0,0,0,0,0,0,0,0,0,0,0,0,0,0,0,0,0,0,0
2942,DR_Pet_070,DR_Pet_070,DR_Pet_070,1,50,0,0,0,1,10,10,0,5,1,1,1,1,1,1,10,12,1,7,20,0x83,400,1872,672,480,0,0,0,0,0,0,0,0,0,0,0,0,0,0,0,0,0,0,0,0,0,0,0,0,0,0,0,0
2943,DR_Pet_072,DR_Pet_072,DR_Pet_072,1,50,0,0,0,1,10,10,0,5,1,1,1,1,1,1,10,12,1,7,20,0x83,400,1872,672,480,0,0,0,0,0,0,0,0,0,0,0,0,0,0,0,0,0,0,0,0,0,0,0,0,0,0,0,0
2944,DR_Pet_074,DR_Pet_074,DR_Pet_074,1,50,0,0,0,1,10,10,0,5,1,1,1,1,1,1,10,12,1,7,20,0x83,400,1872,672,480,0,0,0,0,0,0,0,0,0,0,0,0,0,0,0,0,0,0,0,0,0,0,0,0,0,0,0,0
2945,DR_Pet_086,DR_Pet_086,DR_Pet_086,1,50,0,0,0,1,10,10,0,5,1,1,1,1,1,1,10,12,1,7,20,0x83,400,1872,672,480,0,0,0,0,0,0,0,0,0,0,0,0,0,0,0,0,0,0,0,0,0,0,0,0,0,0,0,0
2946,DR_Pet_099,DR_Pet_099,DR_Pet_099,1,50,0,0,0,1,10,10,0,5,1,1,1,1,1,1,10,12,1,7,20,0x83,400,1872,672,480,0,0,0,0,0,0,0,0,0,0,0,0,0,0,0,0,0,0,0,0,0,0,0,0,0,0,0,0
2947,DR_Pet_106,DR_Pet_106,DR_Pet_106,1,50,0,0,0,1,10,10,0,5,1,1,1,1,1,1,10,12,1,7,20,0x83,400,1872,672,480,0,0,0,0,0,0,0,0,0,0,0,0,0,0,0,0,0,0,0,0,0,0,0,0,0,0,0,0
2948,DR_Pet_107,DR_Pet_107,DR_Pet_107,1,50,0,0,0,1,10,10,0,5,1,1,1,1,1,1,10,12,1,7,20,0x83,400,1872,672,480,0,0,0,0,0,0,0,0,0,0,0,0,0,0,0,0,0,0,0,0,0,0,0,0,0,0,0,0
2949,DR_Pet_108,DR_Pet_108,DR_Pet_108,1,50,0,0,0,1,10,10,0,5,1,1,1,1,1,1,10,12,1,7,20,0x83,400,1872,672,480,0,0,0,0,0,0,0,0,0,0,0,0,0,0,0,0,0,0,0,0,0,0,0,0,0,0,0,0
2950,DR_Pet_119,DR_Pet_119,DR_Pet_119,1,50,0,0,0,1,10,10,0,5,1,1,1,1,1,1,10,12,1,7,20,0x83,400,1872,672,480,0,0,0,0,0,0,0,0,0,0,0,0,0,0,0,0,0,0,0,0,0,0,0,0,0,0,0,0
2951,DR_Pet_122,DR_Pet_122,DR_Pet_122,1,50,0,0,0,1,10,10,0,5,1,1,1,1,1,1,10,12,1,7,20,0x83,400,1872,672,480,0,0,0,0,0,0,0,0,0,0,0,0,0,0,0,0,0,0,0,0,0,0,0,0,0,0,0,0
2952,DR_Pet_129,DR_Pet_129,DR_Pet_129,1,50,0,0,0,1,10,10,0,5,1,1,1,1,1,1,10,12,1,7,20,0x83,400,1872,672,480,0,0,0,0,0,0,0,0,0,0,0,0,0,0,0,0,0,0,0,0,0,0,0,0,0,0,0,0
2953,DR_Pet_130,DR_Pet_130,DR_Pet_130,1,50,0,0,0,1,10,10,0,5,1,1,1,1,1,1,10,12,1,7,20,0x83,400,1872,672,480,0,0,0,0,0,0,0,0,0,0,0,0,0,0,0,0,0,0,0,0,0,0,0,0,0,0,0,0
2954,DR_Pet_131,DR_Pet_131,DR_Pet_131,1,50,0,0,0,1,10,10,0,5,1,1,1,1,1,1,10,12,1,7,20,0x83,400,1872,672,480,0,0,0,0,0,0,0,0,0,0,0,0,0,0,0,0,0,0,0,0,0,0,0,0,0,0,0,0
2955,DR_Pet_132,DR_Pet_132,DR_Pet_132,1,50,0,0,0,1,10,10,0,5,1,1,1,1,1,1,10,12,1,7,20,0x83,400,1872,672,480,0,0,0,0,0,0,0,0,0,0,0,0,0,0,0,0,0,0,0,0,0,0,0,0,0,0,0,0
2956,DR_Pet_133,DR_Pet_133,DR_Pet_133,1,50,0,0,0,1,10,10,0,5,1,1,1,1,1,1,10,12,1,7,20,0x83,400,1872,672,480,0,0,0,0,0,0,0,0,0,0,0,0,0,0,0,0,0,0,0,0,0,0,0,0,0,0,0,0
2957,DR_Pet_140,DR_Pet_140,DR_Pet_140,1,50,0,0,0,1,10,10,0,5,1,1,1,1,1,1,10,12,1,7,20,0x83,400,1872,672,480,0,0,0,0,0,0,0,0,0,0,0,0,0,0,0,0,0,0,0,0,0,0,0,0,0,0,0,0
2958,DR_Pet_144,DR_Pet_144,DR_Pet_144,1,50,0,0,0,1,10,10,0,5,1,1,1,1,1,1,10,12,1,7,20,0x83,400,1872,672,480,0,0,0,0,0,0,0,0,0,0,0,0,0,0,0,0,0,0,0,0,0,0,0,0,0,0,0,0
2959,DR_Pet_145,DR_Pet_145,DR_Pet_145,1,50,0,0,0,1,10,10,0,5,1,1,1,1,1,1,10,12,1,7,20,0x83,400,1872,672,480,0,0,0,0,0,0,0,0,0,0,0,0,0,0,0,0,0,0,0,0,0,0,0,0,0,0,0,0
2960,DR_Pet_160,DR_Pet_160,DR_Pet_160,1,50,0,0,0,1,10,10,0,5,1,1,1,1,1,1,10,12,1,7,20,0x83,400,1872,672,480,0,0,0,0,0,0,0,0,0,0,0,0,0,0,0,0,0,0,0,0,0,0,0,0,0,0,0,0
2961,DR_Pet_162,DR_Pet_162,DR_Pet_162,1,50,0,0,0,1,10,10,0,5,1,1,1,1,1,1,10,12,1,7,20,0x83,400,1872,672,480,0,0,0,0,0,0,0,0,0,0,0,0,0,0,0,0,0,0,0,0,0,0,0,0,0,0,0,0
2962,DR_Pet_163,DR_Pet_163,DR_Pet_163,1,50,0,0,0,1,10,10,0,5,1,1,1,1,1,1,10,12,1,7,20,0x83,400,1872,672,480,0,0,0,0,0,0,0,0,0,0,0,0,0,0,0,0,0,0,0,0,0,0,0,0,0,0,0,0
2963,DR_Pet_175,DR_Pet_175,DR_Pet_175,1,50,0,0,0,1,10,10,0,5,1,1,1,1,1,1,10,12,1,7,20,0x83,400,1872,672,480,0,0,0,0,0,0,0,0,0,0,0,0,0,0,0,0,0,0,0,0,0,0,0,0,0,0,0,0
2964,DR_Pet_176,DR_Pet_176,DR_Pet_176,1,50,0,0,0,1,10,10,0,5,1,1,1,1,1,1,10,12,1,7,20,0x83,400,1872,672,480,0,0,0,0,0,0,0,0,0,0,0,0,0,0,0,0,0,0,0,0,0,0,0,0,0,0,0,0
2965,DR_Pet_192,DR_Pet_192,DR_Pet_192,1,50,0,0,0,1,10,10,0,5,1,1,1,1,1,1,10,12,1,7,20,0x83,400,1872,672,480,0,0,0,0,0,0,0,0,0,0,0,0,0,0,0,0,0,0,0,0,0,0,0,0,0,0,0,0
2966,DR_Pet_198,DR_Pet_198,DR_Pet_198,1,50,0,0,0,1,10,10,0,5,1,1,1,1,1,1,10,12,1,7,20,0x83,400,1872,672,480,0,0,0,0,0,0,0,0,0,0,0,0,0,0,0,0,0,0,0,0,0,0,0,0,0,0,0,0
2967,DR_Pet_200,DR_Pet_200,DR_Pet_200,1,50,0,0,0,1,10,10,0,5,1,1,1,1,1,1,10,12,1,7,20,0x83,400,1872,672,480,0,0,0,0,0,0,0,0,0,0,0,0,0,0,0,0,0,0,0,0,0,0,0,0,0,0,0,0
2968,DR_Pet_207,DR_Pet_207,DR_Pet_207,1,50,0,0,0,1,10,10,0,5,1,1,1,1,1,1,10,12,1,7,20,0x83,400,1872,672,480,0,0,0,0,0,0,0,0,0,0,0,0,0,0,0,0,0,0,0,0,0,0,0,0,0,0,0,0
2969,DR_Pet_245,DR_Pet_245,DR_Pet_245,1,50,0,0,0,1,10,10,0,5,1,1,1,1,1,1,10,12,1,7,20,0x83,400,1872,672,480,0,0,0,0,0,0,0,0,0,0,0,0,0,0,0,0,0,0,0,0,0,0,0,0,0,0,0,0
2970,DR_Pet_247,DR_Pet_247,DR_Pet_247,1,50,0,0,0,1,10,10,0,5,1,1,1,1,1,1,10,12,1,7,20,0x83,400,1872,672,480,0,0,0,0,0,0,0,0,0,0,0,0,0,0,0,0,0,0,0,0,0,0,0,0,0,0,0,0
2971,DR_Pet_260,DR_Pet_260,DR_Pet_260,1,50,0,0,0,1,10,10,0,5,1,1,1,1,1,1,10,12,1,7,20,0x83,400,1872,672,480,0,0,0,0,0,0,0,0,0,0,0,0,0,0,0,0,0,0,0,0,0,0,0,0,0,0,0,0
//2972,DR_Pet_265,DR_Pet_265,DR_Pet_265,1,50,0,0,0,1,10,10,0,5,1,1,1,1,1,1,10,12,1,7,20,0x83,400,1872,672,480,0,0,0,0,0,0,0,0,0,0,0,0,0,0,0,0,0,0,0,0,0,0,0,0,0,0,0,0
2973,DR_Pet_267,DR_Pet_267,DR_Pet_267,1,50,0,0,0,1,10,10,0,5,1,1,1,1,1,1,10,12,1,7,20,0x83,400,1872,672,480,0,0,0,0,0,0,0,0,0,0,0,0,0,0,0,0,0,0,0,0,0,0,0,0,0,0,0,0


